API_WellNo,RptDate,Formation,Lease_Unit,BBLS_OIL_COND,MCF_GAS,BBLS_WTR,DAYS_PROD
25-065-05162-00-00,5/31/2025 12:00:00 AM,Tyler,4324,0,0,0,31
25-065-05162-00-00,4/30/2025 12:00:00 AM,Tyler,4324,0,0,0,30
25-065-05162-00-00,3/31/2025 12:00:00 AM,Tyler,4324,0,0,0,31
25-065-05162-00-00,2/28/2025 12:00:00 AM,Tyler,4324,0,0,0,1
25-065-05162-00-00,1/31/2025 12:00:00 AM,Tyler,4324,193,0,0,1
25-065-05162-00-00,12/31/2024 12:00:00 AM,Tyler,4324,277,0,0,31
25-065-05162-00-00,11/30/2024 12:00:00 AM,Tyler,4324,255,0,25715,20
25-065-05162-00-00,10/31/2024 12:00:00 AM,Tyler,4324,0,0,0,1
25-065-05162-00-00,9/30/2024 12:00:00 AM,Tyler,4324,0,0,0,1
25-065-05162-00-00,8/31/2024 12:00:00 AM,Tyler,4324,230,0,25715,20
25-065-05162-00-00,7/31/2024 12:00:00 AM,Tyler,4324,217,0,20286,29
25-065-05162-00-00,6/30/2024 12:00:00 AM,Tyler,4324,152,0,7459,16
25-065-05162-00-00,5/31/2024 12:00:00 AM,Tyler,4324,0,0,0,0
25-065-05162-00-00,4/30/2024 12:00:00 AM,Tyler,4324,299,0,20969,31
25-065-05162-00-00,3/31/2024 12:00:00 AM,Tyler,4324,309,0,62472,31
25-065-05162-00-00,2/29/2024 12:00:00 AM,Tyler,4324,289,0,52975,31
25-065-05162-00-00,1/31/2024 12:00:00 AM,Tyler,4324,336,0,51700,31
25-065-05162-00-00,12/31/2023 12:00:00 AM,Tyler,4324,314,0,53400,31
25-065-05162-00-00,11/30/2023 12:00:00 AM,Tyler,4324,322,0,42903,30
25-065-05162-00-00,10/31/2023 12:00:00 AM,Tyler,4324,339,0,42191,30
25-065-05162-00-00,9/30/2023 12:00:00 AM,Tyler,4324,345,0,48575,30
25-065-05162-00-00,8/31/2023 12:00:00 AM,Tyler,4324,168,0,45787,29
25-065-05162-00-00,7/31/2023 12:00:00 AM,Tyler,4324,228,0,39357,26
25-065-05162-00-00,6/30/2023 12:00:00 AM,Tyler,4324,129,0,23872,23
25-065-05162-00-00,5/31/2023 12:00:00 AM,Tyler,4324,403,0,42533,31
25-065-05162-00-00,4/30/2023 12:00:00 AM,Tyler,4324,205,0,38270,21
25-065-05162-00-00,3/31/2023 12:00:00 AM,Tyler,4324,272,0,48939,27
25-065-05162-00-00,2/28/2023 12:00:00 AM,Tyler,4324,290,0,47414,28
25-065-05162-00-00,1/31/2023 12:00:00 AM,Tyler,4324,196,0,33750,24
25-065-05162-00-00,12/31/2022 12:00:00 AM,Tyler,4324,354,0,40369,30
25-065-05162-00-00,11/30/2022 12:00:00 AM,Tyler,4324,322,0,44466,30
25-065-05162-00-00,10/31/2022 12:00:00 AM,Tyler,4324,0,0,0,0
25-065-05162-00-00,9/30/2022 12:00:00 AM,Tyler,4324,341,0,55164,30
25-065-05162-00-00,8/31/2022 12:00:00 AM,Tyler,4324,366,0,43248,31
25-065-05162-00-00,7/31/2022 12:00:00 AM,Tyler,4324,349,0,40794,29
25-065-05162-00-00,6/30/2022 12:00:00 AM,Tyler,4324,288,0,66737,27
25-065-05162-00-00,5/31/2022 12:00:00 AM,Tyler,4324,0,0,23781,10
25-065-05162-00-00,4/30/2022 12:00:00 AM,Tyler,4324,258,0,67778,30
25-065-05162-00-00,3/31/2022 12:00:00 AM,Tyler,4324,331,0,65579,31
25-065-05162-00-00,2/28/2022 12:00:00 AM,Tyler,4324,294,0,61164,29
25-065-05162-00-00,1/31/2022 12:00:00 AM,Tyler,4324,401,0,69570,31
25-065-05162-00-00,12/31/2021 12:00:00 AM,Tyler,4324,337,0,69594,31
25-065-05162-00-00,11/30/2021 12:00:00 AM,Tyler,4324,243,0,62992,30
25-065-05162-00-00,10/31/2021 12:00:00 AM,Tyler,4324,260,0,58678,27
25-065-05162-00-00,9/30/2021 12:00:00 AM,Tyler,4324,94,0,35183,16
25-065-05162-00-00,8/31/2021 12:00:00 AM,Tyler,4324,375,0,70669,31
25-065-05162-00-00,7/31/2021 12:00:00 AM,Tyler,4324,364,0,60258,24
25-065-05162-00-00,6/30/2021 12:00:00 AM,Tyler,4324,397,0,70157,30
25-065-05162-00-00,5/31/2021 12:00:00 AM,Tyler,4324,424,0,73401,31
25-065-05162-00-00,4/30/2021 12:00:00 AM,Tyler,4324,394,0,71562,30
25-065-05162-00-00,3/31/2021 12:00:00 AM,Tyler,4324,382,0,71300,31
25-065-05162-00-00,2/28/2021 12:00:00 AM,Tyler,4324,350,0,62064,28
25-065-05162-00-00,1/31/2021 12:00:00 AM,Tyler,4324,148,0,38947,17
25-065-05162-00-00,12/31/2020 12:00:00 AM,Tyler,4324,22,0,7953,31
25-065-05162-00-00,11/30/2020 12:00:00 AM,Tyler,4324,18,0,8644,30
25-065-05162-00-00,10/31/2020 12:00:00 AM,Tyler,4324,22,0,9833,31
25-065-05162-00-00,9/30/2020 12:00:00 AM,Tyler,4324,22,0,8780,27
25-065-05162-00-00,8/31/2020 12:00:00 AM,Tyler,4324,28,0,10916,31
25-065-05162-00-00,7/31/2020 12:00:00 AM,Tyler,4324,31,0,11923,31
25-065-05162-00-00,6/30/2020 12:00:00 AM,Tyler,4324,28,0,15020,30
25-065-05162-00-00,5/31/2020 12:00:00 AM,Tyler,4324,35,0,15509,31
25-065-05162-00-00,4/30/2020 12:00:00 AM,Tyler,4324,30,0,14042,30
25-065-05162-00-00,3/31/2020 12:00:00 AM,Tyler,4324,30,0,15749,31
25-065-05162-00-00,2/29/2020 12:00:00 AM,Tyler,4324,31,0,8044,23
25-065-05162-00-00,1/31/2020 12:00:00 AM,Tyler,4324,66,0,6748,31
25-065-05162-00-00,12/31/2019 12:00:00 AM,Tyler,4324,139,0,28961,31
25-065-05162-00-00,11/30/2019 12:00:00 AM,Tyler,4324,131,0,27853,30
25-065-05162-00-00,10/31/2019 12:00:00 AM,Tyler,4324,134,0,28836,31
25-065-05162-00-00,9/30/2019 12:00:00 AM,Tyler,4324,135,0,28661,30
25-065-05162-00-00,8/31/2019 12:00:00 AM,Tyler,4324,142,0,29982,31
25-065-05162-00-00,7/31/2019 12:00:00 AM,Tyler,4324,128,0,28556,31
25-065-05162-00-00,6/30/2019 12:00:00 AM,Tyler,4324,152,0,28690,30
25-065-05162-00-00,5/31/2019 12:00:00 AM,Tyler,4324,60,0,29766,31
25-065-05162-00-00,4/30/2019 12:00:00 AM,Tyler,4324,146,0,28947,30
25-065-05162-00-00,3/31/2019 12:00:00 AM,Tyler,4324,140,0,29490,31
25-065-05162-00-00,2/28/2019 12:00:00 AM,Tyler,4324,116,0,26323,28
25-065-05162-00-00,1/31/2019 12:00:00 AM,Tyler,4324,132,0,28712,31
25-065-05162-00-00,12/31/2018 12:00:00 AM,Tyler,4324,136,0,27166,31
25-065-05162-00-00,11/30/2018 12:00:00 AM,Tyler,4324,102,0,17163,25
25-065-05162-00-00,10/31/2018 12:00:00 AM,Tyler,4324,339,0,66063,30
25-065-05162-00-00,9/30/2018 12:00:00 AM,Tyler,4324,349,0,67450,30
25-065-05162-00-00,8/31/2018 12:00:00 AM,Tyler,4324,343,0,65471,30
25-065-05162-00-00,7/31/2018 12:00:00 AM,Tyler,4324,373,0,69458,31
25-065-05162-00-00,6/30/2018 12:00:00 AM,Tyler,4324,302,0,66029,285
25-065-05162-00-00,5/31/2018 12:00:00 AM,Tyler,4324,376,0,68896,31
25-065-05162-00-00,4/30/2018 12:00:00 AM,Tyler,4324,366,0,67281,30
25-065-05162-00-00,3/31/2018 12:00:00 AM,Tyler,4324,381,0,69610,31
25-065-05162-00-00,2/28/2018 12:00:00 AM,Tyler,4324,348,0,62729,28
25-065-05162-00-00,1/31/2018 12:00:00 AM,Tyler,4324,317,0,67427,30
25-065-05162-00-00,12/31/2017 12:00:00 AM,Tyler,4324,380,0,69464,31
25-065-05162-00-00,11/30/2017 12:00:00 AM,Tyler,4324,355,0,67227,30
25-065-05162-00-00,10/31/2017 12:00:00 AM,Tyler,4324,379,0,68632,31
25-065-05162-00-00,9/30/2017 12:00:00 AM,Tyler,4324,377,0,67295,30
25-065-05162-00-00,8/31/2017 12:00:00 AM,Tyler,4324,395,0,69556,31
25-065-05162-00-00,7/31/2017 12:00:00 AM,Tyler,4324,392,0,67478,30
25-065-05162-00-00,6/30/2017 12:00:00 AM,Tyler,4324,385,0,67669,30
25-065-05162-00-00,5/31/2017 12:00:00 AM,Tyler,4324,397,0,68590,30
25-065-05162-00-00,4/30/2017 12:00:00 AM,Tyler,4324,372,0,64460,29
25-065-05162-00-00,3/31/2017 12:00:00 AM,Tyler,4324,416,0,69700,31
25-065-05162-00-00,2/28/2017 12:00:00 AM,Tyler,4324,384,0,62954,28
25-065-05162-00-00,1/31/2017 12:00:00 AM,Tyler,4324,420,0,70004,31
25-065-05162-00-00,12/31/2016 12:00:00 AM,Tyler,4324,423,0,69887,31
25-065-05162-00-00,11/30/2016 12:00:00 AM,Tyler,4324,411,0,67527,30
25-065-05162-00-00,10/31/2016 12:00:00 AM,Tyler,4324,444,0,69469,31
25-065-05162-00-00,9/30/2016 12:00:00 AM,Tyler,4324,422,0,66967,30
25-065-05162-00-00,8/31/2016 12:00:00 AM,Tyler,4324,441,0,72674,31
25-065-05162-00-00,7/31/2016 12:00:00 AM,Tyler,4324,444,0,71739,31
25-065-05162-00-00,6/30/2016 12:00:00 AM,Tyler,4324,430,0,68550,30
25-065-05162-00-00,5/31/2016 12:00:00 AM,Tyler,4324,446,0,71351,31
25-065-05162-00-00,4/30/2016 12:00:00 AM,Tyler,4324,375,0,67080,28
25-065-05162-00-00,3/31/2016 12:00:00 AM,Tyler,4324,389,0,70761,29
25-065-05162-00-00,2/29/2016 12:00:00 AM,Tyler,4324,422,0,66562,29
25-065-05162-00-00,1/31/2016 12:00:00 AM,Tyler,4324,455,0,71780,31
25-065-05162-00-00,12/31/2015 12:00:00 AM,Tyler,4324,453,0,69710,31
25-065-05162-00-00,11/30/2015 12:00:00 AM,Tyler,4324,491,0,69258,30
25-065-05162-00-00,10/31/2015 12:00:00 AM,Tyler,4324,519,0,66791,31
25-065-05162-00-00,9/30/2015 12:00:00 AM,Tyler,4324,512,0,71296,30
25-065-05162-00-00,8/31/2015 12:00:00 AM,Tyler,4324,522,0,66904,31
25-065-05162-00-00,7/31/2015 12:00:00 AM,Tyler,4324,532,0,63052,31
25-065-05162-00-00,6/30/2015 12:00:00 AM,Tyler,4324,490,0,60660,30
25-065-05162-00-00,5/31/2015 12:00:00 AM,Tyler,4324,502,0,64156,31
25-065-05162-00-00,4/30/2015 12:00:00 AM,Tyler,4324,475,0,68915,30
25-065-05162-00-00,3/31/2015 12:00:00 AM,Tyler,4324,473,0,58792,31
25-065-05162-00-00,2/28/2015 12:00:00 AM,Tyler,4324,471,0,57820,28
25-065-05162-00-00,1/31/2015 12:00:00 AM,Tyler,4324,514,0,60785,31
25-065-05162-00-00,12/31/2014 12:00:00 AM,Tyler,4324,560,0,64474,31
25-065-05162-00-00,11/30/2014 12:00:00 AM,Tyler,4324,557,0,62601,30
25-065-05162-00-00,10/31/2014 12:00:00 AM,Tyler,4324,595,0,63495,31
25-065-05162-00-00,9/30/2014 12:00:00 AM,Tyler,4324,574,0,61522,30
25-065-05162-00-00,8/31/2014 12:00:00 AM,Tyler,4324,610,0,63032,31
25-065-05162-00-00,7/31/2014 12:00:00 AM,Tyler,4324,648,0,64638,31
25-065-05162-00-00,6/30/2014 12:00:00 AM,Tyler,4324,625,0,62568,30
25-065-05162-00-00,5/31/2014 12:00:00 AM,Tyler,4324,647,0,62134,31
25-065-05162-00-00,4/30/2014 12:00:00 AM,Tyler,4324,634,0,61813,30
25-065-05162-00-00,3/31/2014 12:00:00 AM,Tyler,4324,663,0,65090,31
25-065-05162-00-00,2/28/2014 12:00:00 AM,Tyler,4324,599,0,58392,28
25-065-05162-00-00,1/31/2014 12:00:00 AM,Tyler,4324,645,0,65348,31
25-065-05162-00-00,12/31/2013 12:00:00 AM,Tyler,4324,666,0,65355,31
25-065-05162-00-00,11/30/2013 12:00:00 AM,Tyler,4324,639,0,65254,30
25-065-05162-00-00,10/31/2013 12:00:00 AM,Tyler,4324,690,0,68648,31
25-065-05162-00-00,9/30/2013 12:00:00 AM,Tyler,4324,414,0,45662,19
25-065-05162-00-00,8/31/2013 12:00:00 AM,Tyler,4324,55,0,13393,6
25-065-05162-00-00,7/31/2013 12:00:00 AM,Tyler,4324,334,0,77310,31
25-065-05162-00-00,6/30/2013 12:00:00 AM,Tyler,4324,268,0,74322,30
25-065-05162-00-00,5/31/2013 12:00:00 AM,Tyler,4324,278,0,80589,31
25-065-05162-00-00,4/30/2013 12:00:00 AM,Tyler,4324,264,0,6740,30
25-065-05162-00-00,3/31/2013 12:00:00 AM,Tyler,4324,279,0,74849,31
25-065-05162-00-00,2/28/2013 12:00:00 AM,Tyler,4324,252,0,6505,28
25-065-05162-00-00,1/31/2013 12:00:00 AM,Tyler,4324,279,0,74549,31
25-065-05162-00-00,12/31/2012 12:00:00 AM,Tyler,4324,269,0,74363,31
25-065-05162-00-00,11/30/2012 12:00:00 AM,Tyler,4324,270,0,74467,30
25-065-05162-00-00,10/31/2012 12:00:00 AM,Tyler,4324,284,0,76644,31
25-065-05162-00-00,9/30/2012 12:00:00 AM,Tyler,4324,266,0,74858,30
25-065-05162-00-00,8/31/2012 12:00:00 AM,Tyler,4324,262,0,75957,31
25-065-05162-00-00,7/31/2012 12:00:00 AM,Tyler,4324,273,0,76922,31
25-065-05162-00-00,6/30/2012 12:00:00 AM,Tyler,4324,264,0,72515,30
25-065-05162-00-00,5/31/2012 12:00:00 AM,Tyler,4324,276,0,71958,31
25-065-05162-00-00,4/30/2012 12:00:00 AM,Tyler,4324,228,0,60205,28
25-065-05162-00-00,3/31/2012 12:00:00 AM,Tyler,4324,247,0,59492,31
25-065-05162-00-00,2/29/2012 12:00:00 AM,Tyler,4324,238,0,54896,29
25-065-05162-00-00,1/31/2012 12:00:00 AM,Tyler,4324,231,0,54731,31
25-065-05162-00-00,12/31/2011 12:00:00 AM,Tyler,4324,86,0,46840,31
25-065-05162-00-00,11/30/2011 12:00:00 AM,Tyler,4324,229,0,44025,30
25-065-05162-00-00,10/31/2011 12:00:00 AM,Tyler,4324,96,0,15079,24
25-065-05162-00-00,9/30/2011 12:00:00 AM,Tyler,4324,119,0,15817,30
25-065-05162-00-00,8/31/2011 12:00:00 AM,Tyler,4324,122,0,16458,31
25-065-05162-00-00,7/31/2011 12:00:00 AM,Tyler,4324,121,0,15932,31
25-065-05162-00-00,6/30/2011 12:00:00 AM,Tyler,4324,123,0,16402,28
25-065-05162-00-00,5/31/2011 12:00:00 AM,Tyler,4324,122,0,19353,31
25-065-05162-00-00,4/30/2011 12:00:00 AM,Tyler,4324,118,0,18360,30
25-065-05162-00-00,3/31/2011 12:00:00 AM,Tyler,4324,120,0,18973,31
25-065-05162-00-00,2/28/2011 12:00:00 AM,Tyler,4324,108,0,17155,28
25-065-05162-00-00,1/31/2011 12:00:00 AM,Tyler,4324,117,0,19032,31
25-065-05162-00-00,12/31/2010 12:00:00 AM,Tyler,4324,124,0,18990,31
25-065-05162-00-00,11/30/2010 12:00:00 AM,Tyler,4324,121,0,17465,30
25-065-05162-00-00,10/31/2010 12:00:00 AM,Tyler,4324,117,0,17875,31
25-065-05162-00-00,9/30/2010 12:00:00 AM,Tyler,4324,115,0,17402,30
25-065-05162-00-00,8/31/2010 12:00:00 AM,Tyler,4324,127,0,18350,31
25-065-05162-00-00,7/31/2010 12:00:00 AM,Tyler,4324,117,0,18691,31
25-065-05162-00-00,6/30/2010 12:00:00 AM,Tyler,4324,120,0,18138,30
25-065-05162-00-00,5/31/2010 12:00:00 AM,Tyler,4324,155,0,19218,31
25-065-05162-00-00,4/30/2010 12:00:00 AM,Tyler,4324,151,0,17102,30
25-065-05162-00-00,3/31/2010 12:00:00 AM,Tyler,4324,158,0,17904,31
25-065-05162-00-00,2/28/2010 12:00:00 AM,Tyler,4324,137,0,17078,28
25-065-05162-00-00,1/31/2010 12:00:00 AM,Tyler,4324,157,0,20007,31
25-065-05162-00-00,12/31/2009 12:00:00 AM,Tyler,4324,156,0,19268,31
25-065-05162-00-00,11/30/2009 12:00:00 AM,Tyler,4324,156,0,19497,30
25-065-05162-00-00,10/31/2009 12:00:00 AM,Tyler,4324,158,0,20874,31
25-065-05162-00-00,9/30/2009 12:00:00 AM,Tyler,4324,149,0,19170,30
25-065-05162-00-00,8/31/2009 12:00:00 AM,Tyler,4324,110,0,18870,31
25-065-05162-00-00,7/31/2009 12:00:00 AM,Tyler,4324,125,0,19657,31
25-065-05162-00-00,6/30/2009 12:00:00 AM,Tyler,4324,128,0,18894,30
25-065-05162-00-00,5/31/2009 12:00:00 AM,Tyler,4324,126,0,19763,31
25-065-05162-00-00,4/30/2009 12:00:00 AM,Tyler,4324,91,0,19482,30
25-065-05162-00-00,3/31/2009 12:00:00 AM,Tyler,4324,94,0,20626,31
25-065-05162-00-00,2/28/2009 12:00:00 AM,Tyler,4324,103,0,18708,28
25-065-05162-00-00,1/31/2009 12:00:00 AM,Tyler,4324,124,0,20734,31
25-065-05162-00-00,12/31/2008 12:00:00 AM,Tyler,4324,123,0,20782,31
25-065-05162-00-00,11/30/2008 12:00:00 AM,Tyler,4324,121,0,20414,30
25-065-05162-00-00,10/31/2008 12:00:00 AM,Tyler,4324,119,0,20617,31
25-065-05162-00-00,9/30/2008 12:00:00 AM,Tyler,4324,116,0,19785,30
25-065-05162-00-00,8/31/2008 12:00:00 AM,Tyler,4324,124,0,20363,31
25-065-05162-00-00,7/31/2008 12:00:00 AM,Tyler,4324,123,0,21081,31
25-065-05162-00-00,6/30/2008 12:00:00 AM,Tyler,4324,119,0,20121,30
25-065-05162-00-00,5/31/2008 12:00:00 AM,Tyler,4324,124,0,26984,31
25-065-05162-00-00,4/30/2008 12:00:00 AM,Tyler,4324,120,0,20407,30
25-065-05162-00-00,3/31/2008 12:00:00 AM,Tyler,4324,122,0,22314,31
25-065-05162-00-00,2/29/2008 12:00:00 AM,Tyler,4324,101,0,20839,29
25-065-05162-00-00,1/31/2008 12:00:00 AM,Tyler,4324,120,0,24210,31
25-065-05162-00-00,12/31/2007 12:00:00 AM,Tyler,4324,113,0,22968,31
25-065-05162-00-00,11/30/2007 12:00:00 AM,Tyler,4324,130,0,23045,30
25-065-05162-00-00,10/31/2007 12:00:00 AM,Tyler,4324,166,0,23196,31
25-065-05162-00-00,9/30/2007 12:00:00 AM,Tyler,4324,160,0,22582,30
25-065-05162-00-00,8/31/2007 12:00:00 AM,Tyler,4324,160,0,23217,31
25-065-05162-00-00,7/31/2007 12:00:00 AM,Tyler,4324,159,0,24647,31
25-065-05162-00-00,6/30/2007 12:00:00 AM,Tyler,4324,81,0,15178,20
25-065-05162-00-00,5/31/2007 12:00:00 AM,Tyler,4324,125,0,20863,31
25-065-05162-00-00,4/30/2007 12:00:00 AM,Tyler,4324,114,0,18894,30
25-065-05162-00-00,3/31/2007 12:00:00 AM,Tyler,4324,140,0,21478,31
25-065-05162-00-00,2/28/2007 12:00:00 AM,Tyler,4324,148,0,19755,28
25-065-05162-00-00,1/31/2007 12:00:00 AM,Tyler,4324,142,0,20155,31
25-065-05162-00-00,12/31/2006 12:00:00 AM,Tyler,4324,158,0,18977,31
25-065-05162-00-00,11/30/2006 12:00:00 AM,Tyler,4324,154,0,17176,30
25-065-05162-00-00,10/31/2006 12:00:00 AM,Tyler,4324,151,0,18364,31
25-065-05162-00-00,9/30/2006 12:00:00 AM,Tyler,4324,149,0,18154,30
25-065-05162-00-00,8/31/2006 12:00:00 AM,Tyler,4324,155,0,18751,31
25-065-05162-00-00,7/31/2006 12:00:00 AM,Tyler,4324,155,0,18761,31
25-065-05162-00-00,6/30/2006 12:00:00 AM,Tyler,4324,149,0,18148,30
25-065-05162-00-00,5/31/2006 12:00:00 AM,Tyler,4324,157,0,18442,31
25-065-05162-00-00,4/30/2006 12:00:00 AM,Tyler,4324,152,0,17853,30
25-065-05162-00-00,3/31/2006 12:00:00 AM,Tyler,4324,157,0,18415,31
25-065-05162-00-00,2/28/2006 12:00:00 AM,Tyler,4324,141,0,16161,28
25-065-05162-00-00,1/31/2006 12:00:00 AM,Tyler,4324,157,0,17495,31
25-065-05162-00-00,12/31/2005 12:00:00 AM,Tyler,4324,158,0,19535,31
25-065-05162-00-00,11/30/2005 12:00:00 AM,Tyler,4324,152,0,18813,30
25-065-05162-00-00,10/31/2005 12:00:00 AM,Tyler,4324,150,0,20126,31
25-065-05162-00-00,9/30/2005 12:00:00 AM,Tyler,4324,150,0,20276,30
25-065-05162-00-00,8/31/2005 12:00:00 AM,Tyler,4324,154,0,20739,31
25-065-05162-00-00,7/31/2005 12:00:00 AM,Tyler,4324,154,0,20662,31
25-065-05162-00-00,6/30/2005 12:00:00 AM,Tyler,4324,162,0,19739,30
25-065-05162-00-00,5/31/2005 12:00:00 AM,Tyler,4324,169,0,20300,31
25-065-05162-00-00,4/30/2005 12:00:00 AM,Tyler,4324,166,0,20244,30
25-065-05162-00-00,3/31/2005 12:00:00 AM,Tyler,4324,153,0,18293,31
25-065-05162-00-00,2/28/2005 12:00:00 AM,Tyler,4324,178,0,16796,28
25-065-05162-00-00,1/31/2005 12:00:00 AM,Tyler,4324,145,0,19556,31
25-065-05162-00-00,12/31/2004 12:00:00 AM,Tyler,4324,205,0,20141,31
25-065-05162-00-00,11/30/2004 12:00:00 AM,Tyler,4324,212,0,20704,30
25-065-05162-00-00,10/31/2004 12:00:00 AM,Tyler,4324,218,0,20920,31
25-065-05162-00-00,9/30/2004 12:00:00 AM,Tyler,4324,211,0,20726,30
25-065-05162-00-00,8/31/2004 12:00:00 AM,Tyler,4324,216,0,22232,31
25-065-05162-00-00,7/31/2004 12:00:00 AM,Tyler,4324,217,0,21610,31
25-065-05162-00-00,6/30/2004 12:00:00 AM,Tyler,4324,210,0,19712,30
25-065-05162-00-00,5/31/2004 12:00:00 AM,Tyler,4324,217,0,20527,31
25-065-05162-00-00,4/30/2004 12:00:00 AM,Tyler,4324,194,0,19330,30
25-065-05162-00-00,3/31/2004 12:00:00 AM,Tyler,4324,203,0,19218,31
25-065-05162-00-00,2/29/2004 12:00:00 AM,Tyler,4324,205,0,18009,29
25-065-05162-00-00,1/31/2004 12:00:00 AM,Tyler,4324,220,0,19435,31
25-065-05162-00-00,12/31/2003 12:00:00 AM,Tyler,4324,218,0,19286,31
25-065-05162-00-00,11/30/2003 12:00:00 AM,Tyler,4324,210,0,18936,30
25-065-05162-00-00,10/31/2003 12:00:00 AM,Tyler,4324,235,0,18908,31
25-065-05162-00-00,9/30/2003 12:00:00 AM,Tyler,4324,239,0,18302,30
25-065-05162-00-00,8/31/2003 12:00:00 AM,Tyler,4324,277,0,19005,31
25-065-05162-00-00,7/31/2003 12:00:00 AM,Tyler,4324,248,0,18819,31
25-065-05162-00-00,6/30/2003 12:00:00 AM,Tyler,4324,241,0,18330,30
25-065-05162-00-00,5/31/2003 12:00:00 AM,Tyler,4324,248,0,18912,31
25-065-05162-00-00,4/30/2003 12:00:00 AM,Tyler,4324,240,0,18298,30
25-065-05162-00-00,3/31/2003 12:00:00 AM,Tyler,4324,252,0,18865,31
25-065-05162-00-00,2/28/2003 12:00:00 AM,Tyler,4324,227,0,15676,28
25-065-05162-00-00,1/31/2003 12:00:00 AM,Tyler,4324,251,0,16120,31
25-065-05162-00-00,12/31/2002 12:00:00 AM,Tyler,4324,250,0,15968,31
25-065-05162-00-00,11/30/2002 12:00:00 AM,Tyler,4324,244,0,15943,30
25-065-05162-00-00,10/31/2002 12:00:00 AM,Tyler,4324,246,0,16200,31
25-065-05162-00-00,9/30/2002 12:00:00 AM,Tyler,4324,235,0,15814,30
25-065-05162-00-00,8/31/2002 12:00:00 AM,Tyler,4324,248,0,16183,31
25-065-05162-00-00,7/31/2002 12:00:00 AM,Tyler,4324,245,0,16059,31
25-065-05162-00-00,6/30/2002 12:00:00 AM,Tyler,4324,238,0,15238,30
25-065-05162-00-00,5/31/2002 12:00:00 AM,Tyler,4324,245,0,16057,31
25-065-05162-00-00,4/30/2002 12:00:00 AM,Tyler,4324,240,0,15359,30
25-065-05162-00-00,3/31/2002 12:00:00 AM,Tyler,4324,250,0,15851,31
25-065-05162-00-00,2/28/2002 12:00:00 AM,Tyler,4324,240,0,14558,28
25-065-05162-00-00,1/31/2002 12:00:00 AM,Tyler,4324,280,0,16121,31
25-065-05162-00-00,12/31/2001 12:00:00 AM,Tyler,4324,280,0,16433,31
25-065-05162-00-00,11/30/2001 12:00:00 AM,Tyler,4324,265,0,16875,30
25-065-05162-00-00,10/31/2001 12:00:00 AM,Tyler,4324,278,0,16709,31
25-065-05162-00-00,9/30/2001 12:00:00 AM,Tyler,4324,268,0,16169,30
25-065-05162-00-00,8/31/2001 12:00:00 AM,Tyler,4324,274,0,17615,31
25-065-05162-00-00,7/31/2001 12:00:00 AM,Tyler,4324,278,0,17493,31
25-065-05162-00-00,6/30/2001 12:00:00 AM,Tyler,4324,269,0,16350,30
25-065-05162-00-00,5/31/2001 12:00:00 AM,Tyler,4324,255,0,17437,31
25-065-05162-00-00,4/30/2001 12:00:00 AM,Tyler,4324,273,0,16853,30
25-065-05162-00-00,3/31/2001 12:00:00 AM,Tyler,4324,278,0,17370,31
25-065-05162-00-00,2/28/2001 12:00:00 AM,Tyler,4324,251,0,15795,28
25-065-05162-00-00,1/31/2001 12:00:00 AM,Tyler,4324,296,0,17601,31
25-065-05162-00-00,12/31/2000 12:00:00 AM,Tyler,4324,287,0,17513,31
25-065-05162-00-00,11/30/2000 12:00:00 AM,Tyler,4324,272,0,16905,30
25-065-05162-00-00,10/31/2000 12:00:00 AM,Tyler,4324,282,0,17823,31
25-065-05162-00-00,9/30/2000 12:00:00 AM,Tyler,4324,239,0,13188,30
25-065-05162-00-00,8/31/2000 12:00:00 AM,Tyler,4324,281,0,17402,31
25-065-05162-00-00,7/31/2000 12:00:00 AM,Tyler,4324,351,0,26082,31
25-065-05162-00-00,6/30/2000 12:00:00 AM,Tyler,4324,364,0,24595,30
25-065-05162-00-00,5/31/2000 12:00:00 AM,Tyler,4324,364,0,25230,31
25-065-05162-00-00,4/30/2000 12:00:00 AM,Tyler,4324,359,0,24569,30
25-065-05162-00-00,3/31/2000 12:00:00 AM,Tyler,4324,370,0,25353,31
25-065-05162-00-00,2/29/2000 12:00:00 AM,Tyler,4324,347,0,23836,29
25-065-05162-00-00,1/31/2000 12:00:00 AM,Tyler,4324,373,0,25382,31
25-065-05162-00-00,12/31/1999 12:00:00 AM,Tyler,4324,364,0,25572,31
25-065-05162-00-00,11/30/1999 12:00:00 AM,Tyler,4324,334,0,23986,30
25-065-05162-00-00,10/31/1999 12:00:00 AM,Tyler,4324,348,0,25076,31
25-065-05162-00-00,9/30/1999 12:00:00 AM,Tyler,4324,313,0,25536,30
25-065-05162-00-00,8/31/1999 12:00:00 AM,Tyler,4324,360,0,27184,31
25-065-05162-00-00,7/31/1999 12:00:00 AM,Tyler,4324,369,0,28186,31
25-065-05162-00-00,6/30/1999 12:00:00 AM,Tyler,4324,336,0,26020,30
25-065-05162-00-00,5/31/1999 12:00:00 AM,Tyler,4324,320,0,27793,31
25-065-05162-00-00,4/30/1999 12:00:00 AM,Tyler,4324,299,0,26963,30
25-065-05162-00-00,3/31/1999 12:00:00 AM,Tyler,4324,343,0,28717,31
25-065-05162-00-00,2/28/1999 12:00:00 AM,Tyler,4324,334,0,27258,28
25-065-05162-00-00,1/31/1999 12:00:00 AM,Tyler,4324,347,0,29756,31
25-065-05162-00-00,12/31/1998 12:00:00 AM,Tyler,4324,342,0,29349,31
25-065-05162-00-00,11/30/1998 12:00:00 AM,Tyler,4324,331,0,28113,30
25-065-05162-00-00,10/31/1998 12:00:00 AM,Tyler,4324,369,0,29336,31
25-065-05162-00-00,9/30/1998 12:00:00 AM,Tyler,4324,352,0,28832,30
25-065-05162-00-00,8/31/1998 12:00:00 AM,Tyler,4324,313,0,25315,31
25-065-05162-00-00,7/31/1998 12:00:00 AM,Tyler,4324,246,0,20769,31
25-065-05162-00-00,6/30/1998 12:00:00 AM,Tyler,4324,229,0,20432,30
25-065-05162-00-00,5/31/1998 12:00:00 AM,Tyler,4324,248,0,21348,31
25-065-05162-00-00,4/30/1998 12:00:00 AM,Tyler,4324,239,0,18769,30
25-065-05162-00-00,3/31/1998 12:00:00 AM,Tyler,4324,276,0,23895,31
25-065-05162-00-00,2/28/1998 12:00:00 AM,Tyler,4324,300,0,23972,28
25-065-05162-00-00,1/31/1998 12:00:00 AM,Tyler,4324,342,0,25798,31
25-065-05162-00-00,12/31/1997 12:00:00 AM,Tyler,4324,392,0,26340,31
25-065-05162-00-00,11/30/1997 12:00:00 AM,Tyler,4324,413,0,24853,30
25-065-05162-00-00,10/31/1997 12:00:00 AM,Tyler,4324,432,0,27129,31
25-065-05162-00-00,9/30/1997 12:00:00 AM,Tyler,4324,387,0,25757,30
25-065-05162-00-00,8/31/1997 12:00:00 AM,Tyler,4324,402,0,27013,31
25-065-05162-00-00,7/31/1997 12:00:00 AM,Tyler,4324,401,0,26932,31
25-065-05162-00-00,6/30/1997 12:00:00 AM,Tyler,4324,388,0,25729,30
25-065-05162-00-00,5/31/1997 12:00:00 AM,Tyler,4324,373,0,25626,31
25-065-05162-00-00,4/30/1997 12:00:00 AM,Tyler,4324,337,0,25040,30
25-065-05162-00-00,3/31/1997 12:00:00 AM,Tyler,4324,352,0,25516,31
25-065-05162-00-00,2/28/1997 12:00:00 AM,Tyler,4324,341,0,23224,28
25-065-05162-00-00,1/31/1997 12:00:00 AM,Tyler,4324,384,0,24699,31
25-065-05162-00-00,12/31/1996 12:00:00 AM,Tyler,4324,395,0,24995,31
25-065-05162-00-00,11/30/1996 12:00:00 AM,Tyler,4324,389,0,24275,30
25-065-05162-00-00,10/31/1996 12:00:00 AM,Tyler,4324,364,0,24551,31
25-065-05162-00-00,9/30/1996 12:00:00 AM,Tyler,4324,354,0,24937,30
25-065-05162-00-00,8/31/1996 12:00:00 AM,Tyler,4324,381,0,25002,31
25-065-05162-00-00,7/31/1996 12:00:00 AM,Tyler,4324,335,0,22992,31
25-065-05162-00-00,6/30/1996 12:00:00 AM,Tyler,4324,362,0,24365,30
25-065-05162-00-00,5/31/1996 12:00:00 AM,Tyler,4324,341,0,24561,31
25-065-05162-00-00,4/30/1996 12:00:00 AM,Tyler,4324,323,0,24853,30
25-065-05162-00-00,3/31/1996 12:00:00 AM,Tyler,4324,337,0,26020,31
25-065-05162-00-00,2/29/1996 12:00:00 AM,Tyler,4324,344,0,24829,29
25-065-05162-00-00,1/31/1996 12:00:00 AM,Tyler,4324,338,0,27573,31
25-065-05162-00-00,12/31/1995 12:00:00 AM,Tyler,4324,329,0,27033,31
25-065-05162-00-00,11/30/1995 12:00:00 AM,Tyler,4324,355,0,26134,30
25-065-05162-00-00,10/31/1995 12:00:00 AM,Tyler,4324,355,0,26888,31
25-065-05162-00-00,9/30/1995 12:00:00 AM,Tyler,4324,338,0,26225,30
25-065-05162-00-00,8/31/1995 12:00:00 AM,Tyler,4324,333,0,0,31
25-065-05162-00-00,7/31/1995 12:00:00 AM,Tyler,4324,281,0,22147,31
25-065-05162-00-00,6/30/1995 12:00:00 AM,Tyler,4324,300,0,25272,30
25-065-05162-00-00,5/31/1995 12:00:00 AM,Tyler,4324,260,0,20094,31
25-065-05162-00-00,4/30/1995 12:00:00 AM,Tyler,4324,362,0,24030,30
25-065-05162-00-00,3/31/1995 12:00:00 AM,Tyler,4324,345,0,23157,31
25-065-05162-00-00,2/28/1995 12:00:00 AM,Tyler,4324,318,0,20916,28
25-065-05162-00-00,1/31/1995 12:00:00 AM,Tyler,4324,352,0,23157,31
25-065-05162-00-00,12/31/1994 12:00:00 AM,Tyler,4324,376,0,23138,31
25-065-05162-00-00,11/30/1994 12:00:00 AM,Tyler,4324,333,0,22091,30
25-065-05162-00-00,10/31/1994 12:00:00 AM,Tyler,4324,361,0,22178,31
25-065-05162-00-00,9/30/1994 12:00:00 AM,Tyler,4324,343,0,23329,30
25-065-05162-00-00,8/31/1994 12:00:00 AM,Tyler,4324,383,0,25528,31
25-065-05162-00-00,7/31/1994 12:00:00 AM,Tyler,4324,390,0,24630,31
25-065-05162-00-00,6/30/1994 12:00:00 AM,Tyler,4324,357,0,25187,30
25-065-05162-00-00,5/31/1994 12:00:00 AM,Tyler,4324,364,0,25012,31
25-065-05162-00-00,4/30/1994 12:00:00 AM,Tyler,4324,353,0,23617,30
25-065-05162-00-00,3/31/1994 12:00:00 AM,Tyler,4324,431,0,25916,31
25-065-05162-00-00,2/28/1994 12:00:00 AM,Tyler,4324,404,0,23417,28
25-065-05162-00-00,1/31/1994 12:00:00 AM,Tyler,4324,385,0,26350,31
25-065-05162-00-00,12/31/1993 12:00:00 AM,Tyler,4324,382,0,26267,31
25-065-05162-00-00,11/30/1993 12:00:00 AM,Tyler,4324,343,0,24425,30
25-065-05162-00-00,10/31/1993 12:00:00 AM,Tyler,4324,414,0,25389,31
25-065-05162-00-00,9/30/1993 12:00:00 AM,Tyler,4324,412,0,24434,30
25-065-05162-00-00,8/31/1993 12:00:00 AM,Tyler,4324,365,0,23813,31
25-065-05162-00-00,7/31/1993 12:00:00 AM,Tyler,4324,368,0,25142,31
25-065-05162-00-00,6/30/1993 12:00:00 AM,Tyler,4324,379,0,25351,30
25-065-05162-00-00,5/31/1993 12:00:00 AM,Tyler,4324,387,0,25830,31
25-065-05162-00-00,4/30/1993 12:00:00 AM,Tyler,4324,400,0,24690,30
25-065-05162-00-00,3/31/1993 12:00:00 AM,Tyler,4324,410,0,24869,31
25-065-05162-00-00,2/28/1993 12:00:00 AM,Tyler,4324,350,0,22697,28
25-065-05162-00-00,1/31/1993 12:00:00 AM,Tyler,4324,402,0,25604,31
25-065-05162-00-00,12/31/1992 12:00:00 AM,Tyler,4324,429,0,26381,31
25-065-05162-00-00,11/30/1992 12:00:00 AM,Tyler,4324,459,0,25620,30
25-065-05162-00-00,10/31/1992 12:00:00 AM,Tyler,4324,464,0,26009,31
25-065-05162-00-00,9/30/1992 12:00:00 AM,Tyler,4324,456,0,25200,30
25-065-05162-00-00,8/31/1992 12:00:00 AM,Tyler,4324,457,0,26226,31
25-065-05162-00-00,7/31/1992 12:00:00 AM,Tyler,4324,440,0,25234,31
25-065-05162-00-00,6/30/1992 12:00:00 AM,Tyler,4324,413,0,24810,30
25-065-05162-00-00,5/31/1992 12:00:00 AM,Tyler,4324,457,0,25172,31
25-065-05162-00-00,4/30/1992 12:00:00 AM,Tyler,4324,414,0,24690,30
25-065-05162-00-00,3/31/1992 12:00:00 AM,Tyler,4324,444,0,25172,31
25-065-05162-00-00,2/29/1992 12:00:00 AM,Tyler,4324,413,0,23809,29
25-065-05162-00-00,1/31/1992 12:00:00 AM,Tyler,4324,495,0,25947,31
25-065-05162-00-00,12/31/1991 12:00:00 AM,Tyler,4324,510,0,25234,31
25-065-05162-00-00,11/30/1991 12:00:00 AM,Tyler,4324,499,0,25290,30
25-065-05162-00-00,10/31/1991 12:00:00 AM,Tyler,4324,519,0,23250,31
25-065-05162-00-00,9/30/1991 12:00:00 AM,Tyler,4324,514,0,23010,30
25-065-05162-00-00,8/31/1991 12:00:00 AM,Tyler,4324,532,0,19499,31
25-065-05162-00-00,7/31/1991 12:00:00 AM,Tyler,4324,573,0,19716,31
25-065-05162-00-00,6/30/1991 12:00:00 AM,Tyler,4324,536,0,20640,30
25-065-05162-00-00,5/31/1991 12:00:00 AM,Tyler,4324,565,0,25854,31
25-065-05162-00-00,4/30/1991 12:00:00 AM,Tyler,4324,446,0,18720,30
25-065-05162-00-00,3/31/1991 12:00:00 AM,Tyler,4324,476,0,18724,31
25-065-05162-00-00,2/28/1991 12:00:00 AM,Tyler,4324,413,0,14924,28
25-065-05162-00-00,1/31/1991 12:00:00 AM,Tyler,4324,432,0,17329,31
25-065-05162-00-00,12/31/1990 12:00:00 AM,Tyler,4324,438,0,18321,31
25-065-05162-00-00,11/30/1990 12:00:00 AM,Tyler,4324,427,0,17160,30
25-065-05162-00-00,10/31/1990 12:00:00 AM,Tyler,4324,416,0,19034,31
25-065-05162-00-00,9/30/1990 12:00:00 AM,Tyler,4324,493,0,17640,30
25-065-05162-00-00,8/31/1990 12:00:00 AM,Tyler,4324,502,0,18569,31
25-065-05162-00-00,7/31/1990 12:00:00 AM,Tyler,4324,492,0,18662,31
25-065-05162-00-00,6/30/1990 12:00:00 AM,Tyler,4324,420,0,15930,30
25-065-05162-00-00,5/31/1990 12:00:00 AM,Tyler,4324,224,0,10602,31
25-065-05162-00-00,4/30/1990 12:00:00 AM,Tyler,4324,271,0,13350,30
25-065-05162-00-00,3/31/1990 12:00:00 AM,Tyler,4324,151,0,5084,31
25-065-05162-00-00,2/28/1990 12:00:00 AM,Tyler,4324,203,0,7112,28
25-065-05162-00-00,1/31/1990 12:00:00 AM,Tyler,4324,297,0,12586,31
25-065-05162-00-00,12/31/1989 12:00:00 AM,Tyler,4324,316,0,11625,31
25-065-05162-00-00,11/30/1989 12:00:00 AM,Tyler,4324,67,0,3210,30
25-065-05162-00-00,10/31/1989 12:00:00 AM,Tyler,4324,146,0,6727,31
25-065-05162-00-00,9/30/1989 12:00:00 AM,Tyler,4324,132,0,6570,30
25-065-05162-00-00,8/31/1989 12:00:00 AM,Tyler,4324,193,0,8928,31
25-065-05162-00-00,7/31/1989 12:00:00 AM,Tyler,4324,190,0,9641,31
25-065-05162-00-00,6/30/1989 12:00:00 AM,Tyler,4324,204,0,6960,30
25-065-05162-00-00,5/31/1989 12:00:00 AM,Tyler,4324,209,0,7192,31
25-065-05162-00-00,4/30/1989 12:00:00 AM,Tyler,4324,137,0,10110,30
25-065-05162-00-00,3/31/1989 12:00:00 AM,Tyler,4324,251,0,10416,31
25-065-05162-00-00,2/28/1989 12:00:00 AM,Tyler,4324,224,0,9296,28
25-065-05162-00-00,1/31/1989 12:00:00 AM,Tyler,4324,312,0,10695,31
25-065-05162-00-00,12/31/1988 12:00:00 AM,Tyler,4324,274,0,10912,31
25-065-05162-00-00,11/30/1988 12:00:00 AM,Tyler,4324,221,0,7230,30
25-065-05162-00-00,10/31/1988 12:00:00 AM,Tyler,4324,222,0,7440,31
25-065-05162-00-00,9/30/1988 12:00:00 AM,Tyler,4324,230,0,8280,30
25-065-05162-00-00,8/31/1988 12:00:00 AM,Tyler,4324,274,0,10292,31
25-065-05162-00-00,7/31/1988 12:00:00 AM,Tyler,4324,217,0,7750,31
25-065-05162-00-00,6/30/1988 12:00:00 AM,Tyler,4324,32,0,1000,2
