"API_WellNo","CoName","Well_Nm","Well_Type","Wl_Status","County","Field","WH_TR","WH_Sec",
"25101216820000","MCR, LLC","A. Fey  24X-1","Gas","Producing","Toole","Phantom, West","37N-2E","1",

"API_WellNo","RptDate","Formation","Lease_Unit","BBLS_OIL_COND","MCF_GAS","BBLS_WTR","DAYS_PROD",
"25-101-21682-00-00","5/31/2025 12:00:00 AM","Sunburst","18","0","50","0","10",
"25-101-21682-00-00","4/30/2025 12:00:00 AM","Sunburst","18","0","0","0","0",
"25-101-21682-00-00","3/31/2025 12:00:00 AM","Sunburst","18","0","0","0","0",
"25-101-21682-00-00","2/28/2025 12:00:00 AM","Sunburst","18","0","0","0","0",
"25-101-21682-00-00","1/31/2025 12:00:00 AM","Sunburst","18","0","0","0","0",
"25-101-21682-00-00","12/31/2024 12:00:00 AM","Sunburst","18","0","0","0","0",
"25-101-21682-00-00","11/30/2024 12:00:00 AM","Sunburst","18","0","0","0","0",
"25-101-21682-00-00","10/31/2024 12:00:00 AM","Sunburst","18","0","0","0","0",
"25-101-21682-00-00","9/30/2024 12:00:00 AM","Sunburst","18","0","0","0","0",
"25-101-21682-00-00","8/31/2024 12:00:00 AM","Sunburst","18","0","0","0","0",
"25-101-21682-00-00","7/31/2024 12:00:00 AM","Sunburst","18","0","0","0","0",
"25-101-21682-00-00","6/30/2024 12:00:00 AM","Sunburst","18","0","0","0","0",
"25-101-21682-00-00","5/31/2024 12:00:00 AM","Sunburst","18","0","0","0","0",
"25-101-21682-00-00","4/30/2024 12:00:00 AM","Sunburst","18","0","0","0","0",
"25-101-21682-00-00","3/31/2024 12:00:00 AM","Sunburst","18","0","0","0","0",
"25-101-21682-00-00","2/29/2024 12:00:00 AM","Sunburst","18","0","0","0","0",
"25-101-21682-00-00","1/31/2024 12:00:00 AM","Sunburst","18","0","0","0","0",
"25-101-21682-00-00","12/31/2023 12:00:00 AM","Sunburst","18","0","0","0","0",
"25-101-21682-00-00","11/30/2023 12:00:00 AM","Sunburst","18","0","0","0","0",
"25-101-21682-00-00","10/31/2023 12:00:00 AM","Sunburst","18","0","0","0","0",
"25-101-21682-00-00","9/30/2023 12:00:00 AM","Sunburst","18","0","0","0","0",
"25-101-21682-00-00","8/31/2023 12:00:00 AM","Sunburst","18","0","0","0","0",
"25-101-21682-00-00","7/31/2023 12:00:00 AM","Sunburst","18","0","0","0","0",
"25-101-21682-00-00","6/30/2023 12:00:00 AM","Sunburst","18","0","0","0","0",
"25-101-21682-00-00","5/31/2023 12:00:00 AM","Sunburst","18","0","0","0","0",
"25-101-21682-00-00","4/30/2023 12:00:00 AM","Sunburst","18","0","0","0","0",
"25-101-21682-00-00","3/31/2023 12:00:00 AM","Sunburst","18","0","16","0","3",
"25-101-21682-00-00","2/28/2023 12:00:00 AM","Sunburst","18","0","48","0","11",
"25-101-21682-00-00","1/31/2023 12:00:00 AM","Sunburst","18","0","10","0","2",
"25-101-21682-00-00","12/31/2022 12:00:00 AM","Sunburst","18","0","51","0","11",
"25-101-21682-00-00","11/30/2022 12:00:00 AM","Sunburst","18","0","2","0","1",
"25-101-21682-00-00","10/31/2022 12:00:00 AM","Sunburst","18","0","19","0","12",
"25-101-21682-00-00","9/30/2022 12:00:00 AM","Sunburst","18","0","57","0","25",
"25-101-21682-00-00","8/31/2022 12:00:00 AM","Sunburst","18","0","69","0","31",
"25-101-21682-00-00","7/31/2022 12:00:00 AM","Sunburst","18","0","93","0","31",
"25-101-21682-00-00","6/30/2022 12:00:00 AM","Sunburst","18","0","161","0","28",
"25-101-21682-00-00","5/31/2022 12:00:00 AM","Sunburst","18","0","14","0","8",
"25-101-21682-00-00","4/30/2022 12:00:00 AM","Sunburst","18","0","123","0","19",
"25-101-21682-00-00","3/31/2022 12:00:00 AM","Sunburst","18","0","84","0","14",
"25-101-21682-00-00","2/28/2022 12:00:00 AM","Sunburst","18","0","49","0","11",
"25-101-21682-00-00","1/31/2022 12:00:00 AM","Sunburst","18","0","169","0","15",
"25-101-21682-00-00","12/31/2021 12:00:00 AM","Sunburst","18","0","70","0","18",
"25-101-21682-00-00","11/30/2021 12:00:00 AM","Sunburst","18","0","114","0","29",
"25-101-21682-00-00","10/31/2021 12:00:00 AM","Sunburst","18","0","122","0","31",
"25-101-21682-00-00","9/30/2021 12:00:00 AM","Sunburst","18","0","100","0","30",
"25-101-21682-00-00","8/31/2021 12:00:00 AM","Sunburst","18","0","162","0","30",
"25-101-21682-00-00","7/31/2021 12:00:00 AM","Sunburst","18","0","138","0","31",
"25-101-21682-00-00","6/30/2021 12:00:00 AM","Sunburst","18","0","0","0","0",
"25-101-21682-00-00","5/31/2021 12:00:00 AM","Sunburst","18","0","0","0","0",
"25-101-21682-00-00","4/30/2021 12:00:00 AM","Sunburst","18","0","0","0","0",
"25-101-21682-00-00","3/31/2021 12:00:00 AM","Sunburst","18","0","0","0","0",
"25-101-21682-00-00","2/28/2021 12:00:00 AM","Sunburst","18","0","0","0","0",
"25-101-21682-00-00","1/31/2021 12:00:00 AM","Sunburst","18","0","0","0","0",
"25-101-21682-00-00","12/31/2020 12:00:00 AM","Sunburst","18","0","0","0","0",
"25-101-21682-00-00","11/30/2020 12:00:00 AM","Sunburst","18","0","0","0","0",
"25-101-21682-00-00","10/31/2020 12:00:00 AM","Sunburst","18","0","0","0","0",
"25-101-21682-00-00","9/30/2020 12:00:00 AM","Sunburst","18","0","0","0","0",
"25-101-21682-00-00","8/31/2020 12:00:00 AM","Sunburst","18","0","0","0","0",
"25-101-21682-00-00","7/31/2020 12:00:00 AM","Sunburst","18","0","0","0","0",
"25-101-21682-00-00","6/30/2020 12:00:00 AM","Sunburst","18","0","0","0","0",
"25-101-21682-00-00","5/31/2020 12:00:00 AM","Sunburst","18","0","0","0","0",
"25-101-21682-00-00","4/30/2020 12:00:00 AM","Sunburst","18","0","0","0","0",
"25-101-21682-00-00","3/31/2020 12:00:00 AM","Sunburst","18","0","0","0","0",
"25-101-21682-00-00","2/29/2020 12:00:00 AM","Sunburst","18","0","0","0","0",
"25-101-21682-00-00","1/31/2020 12:00:00 AM","Sunburst","18","0","0","0","0",
"25-101-21682-00-00","12/31/2019 12:00:00 AM","Sunburst","18","0","0","0","0",
"25-101-21682-00-00","11/30/2019 12:00:00 AM","Sunburst","18","0","0","0","0",
"25-101-21682-00-00","10/31/2019 12:00:00 AM","Sunburst","18","0","0","0","0",
"25-101-21682-00-00","9/30/2019 12:00:00 AM","Sunburst","18","0","0","0","0",
"25-101-21682-00-00","8/31/2019 12:00:00 AM","Sunburst","18","0","0","0","0",
"25-101-21682-00-00","7/31/2019 12:00:00 AM","Sunburst","18","0","0","0","0",
"25-101-21682-00-00","6/30/2019 12:00:00 AM","Sunburst","18","0","0","0","0",
"25-101-21682-00-00","5/31/2019 12:00:00 AM","Sunburst","18","0","0","0","0",
"25-101-21682-00-00","4/30/2019 12:00:00 AM","Sunburst","18","0","0","0","0",
"25-101-21682-00-00","3/31/2019 12:00:00 AM","Sunburst","18","0","0","0","0",
"25-101-21682-00-00","2/28/2019 12:00:00 AM","Sunburst","18","0","0","0","0",
"25-101-21682-00-00","1/31/2019 12:00:00 AM","Sunburst","18","0","0","0","0",
"25-101-21682-00-00","12/31/2018 12:00:00 AM","Sunburst","18","0","0","0","0",
"25-101-21682-00-00","11/30/2018 12:00:00 AM","Sunburst","18","0","0","0","0",
"25-101-21682-00-00","10/31/2018 12:00:00 AM","Sunburst","18","0","0","0","0",
"25-101-21682-00-00","9/30/2018 12:00:00 AM","Sunburst","18","0","0","0","0",
"25-101-21682-00-00","8/31/2018 12:00:00 AM","Sunburst","18","0","0","0","0",
"25-101-21682-00-00","7/31/2018 12:00:00 AM","Sunburst","18","0","0","0","0",
"25-101-21682-00-00","6/30/2018 12:00:00 AM","Sunburst","18","0","0","0","0",
"25-101-21682-00-00","5/31/2018 12:00:00 AM","Sunburst","18","0","0","0","0",
"25-101-21682-00-00","4/30/2018 12:00:00 AM","Sunburst","18","0","0","0","0",
"25-101-21682-00-00","3/31/2018 12:00:00 AM","Sunburst","18","0","0","0","0",
"25-101-21682-00-00","2/28/2018 12:00:00 AM","Sunburst","18","0","0","0","0",
"25-101-21682-00-00","1/31/2018 12:00:00 AM","Sunburst","18","0","0","0","0",
"25-101-21682-00-00","12/31/2017 12:00:00 AM","Sunburst","18","0","0","0","0",
"25-101-21682-00-00","11/30/2017 12:00:00 AM","Sunburst","18","0","0","0","0",
"25-101-21682-00-00","10/31/2017 12:00:00 AM","Sunburst","18","0","2","0","1",
"25-101-21682-00-00","9/30/2017 12:00:00 AM","Sunburst","18","0","0","0","0",
"25-101-21682-00-00","8/31/2017 12:00:00 AM","Sunburst","18","0","28","0","9",
"25-101-21682-00-00","7/31/2017 12:00:00 AM","Sunburst","18","0","83","0","16",
"25-101-21682-00-00","6/30/2017 12:00:00 AM","Sunburst","18","0","29","0","10",
"25-101-21682-00-00","5/31/2017 12:00:00 AM","Sunburst","18","0","26","0","10",
"25-101-21682-00-00","4/30/2017 12:00:00 AM","Sunburst","18","0","0","0","0",
"25-101-21682-00-00","3/31/2017 12:00:00 AM","Sunburst","18","0","63","0","11",
"25-101-21682-00-00","2/28/2017 12:00:00 AM","Sunburst","18","0","49","0","8",
"25-101-21682-00-00","1/31/2017 12:00:00 AM","Sunburst","18","0","118","0","31",
"25-101-21682-00-00","12/31/2016 12:00:00 AM","Sunburst","18","0","112","0","25",
"25-101-21682-00-00","11/30/2016 12:00:00 AM","Sunburst","18","0","25","0","6",
"25-101-21682-00-00","10/31/2016 12:00:00 AM","Sunburst","18","0","0","0","0",
"25-101-21682-00-00","9/30/2016 12:00:00 AM","Sunburst","18","0","9","0","2",
"25-101-21682-00-00","8/31/2016 12:00:00 AM","Sunburst","18","0","30","0","7",
"25-101-21682-00-00","7/31/2016 12:00:00 AM","Sunburst","18","0","89","0","10",
"25-101-21682-00-00","6/30/2016 12:00:00 AM","Sunburst","18","0","16","0","4",
"25-101-21682-00-00","5/31/2016 12:00:00 AM","Sunburst","18","0","7","0","2",
"25-101-21682-00-00","4/30/2016 12:00:00 AM","Sunburst","18","0","0","0","0",
"25-101-21682-00-00","3/31/2016 12:00:00 AM","Sunburst","18","0","16","0","3",
"25-101-21682-00-00","2/29/2016 12:00:00 AM","Sunburst","18","0","2","0","1",
"25-101-21682-00-00","1/31/2016 12:00:00 AM","Sunburst","18","0","76","0","27",
"25-101-21682-00-00","12/31/2015 12:00:00 AM","Sunburst","18","0","47","0","5",
"25-101-21682-00-00","11/30/2015 12:00:00 AM","Sunburst","18","0","0","0","0",
"25-101-21682-00-00","10/31/2015 12:00:00 AM","Sunburst","18","0","17","0","5",
"25-101-21682-00-00","9/30/2015 12:00:00 AM","Sunburst","18","0","42","0","8",
"25-101-21682-00-00","8/31/2015 12:00:00 AM","Sunburst","18","0","135","0","8",
"25-101-21682-00-00","7/31/2015 12:00:00 AM","Sunburst","18","0","0","0","0",
"25-101-21682-00-00","6/30/2015 12:00:00 AM","Sunburst","18","0","0","0","0",
"25-101-21682-00-00","5/31/2015 12:00:00 AM","Sunburst","18","0","61","0","16",
"25-101-21682-00-00","4/30/2015 12:00:00 AM","Sunburst","18","0","82","0","20",
"25-101-21682-00-00","3/31/2015 12:00:00 AM","Sunburst","18","0","113","0","25",
"25-101-21682-00-00","2/28/2015 12:00:00 AM","Sunburst","18","0","144","0","23",
"25-101-21682-00-00","1/31/2015 12:00:00 AM","Sunburst","18","0","63","0","11",
"25-101-21682-00-00","12/31/2014 12:00:00 AM","Sunburst","18","0","0","0","0",
"25-101-21682-00-00","11/30/2014 12:00:00 AM","Sunburst","18","0","112","0","13",
"25-101-21682-00-00","10/31/2014 12:00:00 AM","Sunburst","18","0","275","0","31",
"25-101-21682-00-00","9/30/2014 12:00:00 AM","Sunburst","18","0","276","0","30",
"25-101-21682-00-00","8/31/2014 12:00:00 AM","Sunburst","18","0","294","0","31",
"25-101-21682-00-00","7/31/2014 12:00:00 AM","Sunburst","18","0","266","0","31",
"25-101-21682-00-00","6/30/2014 12:00:00 AM","Sunburst","18","0","297","0","30",
"25-101-21682-00-00","5/31/2014 12:00:00 AM","Sunburst","18","0","328","0","31",
"25-101-21682-00-00","4/30/2014 12:00:00 AM","Sunburst","18","0","337","0","30",
"25-101-21682-00-00","3/31/2014 12:00:00 AM","Sunburst","18","0","326","0","23",
"25-101-21682-00-00","2/28/2014 12:00:00 AM","Sunburst","18","0","229","0","13",
"25-101-21682-00-00","1/31/2014 12:00:00 AM","Sunburst","18","0","293","0","31",
"25-101-21682-00-00","12/31/2013 12:00:00 AM","Sunburst","18","0","328","0","22",
"25-101-21682-00-00","11/30/2013 12:00:00 AM","Sunburst","18","0","198","0","30",
"25-101-21682-00-00","10/31/2013 12:00:00 AM","Sunburst","18","0","216","0","31",
"25-101-21682-00-00","9/30/2013 12:00:00 AM","Sunburst","18","0","214","0","30",
"25-101-21682-00-00","8/31/2013 12:00:00 AM","Sunburst","18","0","207","0","31",
"25-101-21682-00-00","7/31/2013 12:00:00 AM","Sunburst","18","0","279","0","31",
"25-101-21682-00-00","6/30/2013 12:00:00 AM","Sunburst","18","0","247","0","30",
"25-101-21682-00-00","5/31/2013 12:00:00 AM","Sunburst","18","0","258","0","31",
"25-101-21682-00-00","4/30/2013 12:00:00 AM","Sunburst","18","0","280","0","30",
"25-101-21682-00-00","3/31/2013 12:00:00 AM","Sunburst","18","0","392","0","31",
"25-101-21682-00-00","2/28/2013 12:00:00 AM","Sunburst","18","0","363","0","27",
"25-101-21682-00-00","1/31/2013 12:00:00 AM","Sunburst","18","0","393","0","26",
"25-101-21682-00-00","12/31/2012 12:00:00 AM","Sunburst","18","0","218","0","21",
"25-101-21682-00-00","11/30/2012 12:00:00 AM","Sunburst","18","0","275","0","30",
"25-101-21682-00-00","10/31/2012 12:00:00 AM","Sunburst","18","0","263","0","31",
"25-101-21682-00-00","9/30/2012 12:00:00 AM","Sunburst","18","0","322","0","30",
"25-101-21682-00-00","8/31/2012 12:00:00 AM","Sunburst","18","0","336","0","31",
"25-101-21682-00-00","7/31/2012 12:00:00 AM","Sunburst","18","0","330","0","21",
"25-101-21682-00-00","6/30/2012 12:00:00 AM","Sunburst","18","0","203","0","25",
"25-101-21682-00-00","5/31/2012 12:00:00 AM","Sunburst","18","0","342","0","31",
"25-101-21682-00-00","4/30/2012 12:00:00 AM","Sunburst","18","0","386","0","30",
"25-101-21682-00-00","3/31/2012 12:00:00 AM","Sunburst","18","0","362","0","31",
"25-101-21682-00-00","2/29/2012 12:00:00 AM","Sunburst","18","0","428","0","29",
"25-101-21682-00-00","1/31/2012 12:00:00 AM","Sunburst","18","0","398","0","26",
"25-101-21682-00-00","12/31/2011 12:00:00 AM","Sunburst","18","0","446","0","31",
"25-101-21682-00-00","11/30/2011 12:00:00 AM","Sunburst","18","0","378","0","30",
"25-101-21682-00-00","10/31/2011 12:00:00 AM","Sunburst","18","0","393","0","31",
"25-101-21682-00-00","9/30/2011 12:00:00 AM","Sunburst","18","0","341","0","30",
"25-101-21682-00-00","8/31/2011 12:00:00 AM","Sunburst","18","0","364","0","31",
"25-101-21682-00-00","7/31/2011 12:00:00 AM","Sunburst","18","0","384","0","31",
"25-101-21682-00-00","6/30/2011 12:00:00 AM","Sunburst","18","0","450","0","30",
"25-101-21682-00-00","5/31/2011 12:00:00 AM","Sunburst","18","0","446","0","31",
"25-101-21682-00-00","4/30/2011 12:00:00 AM","Sunburst","18","0","423","0","30",
"25-101-21682-00-00","3/31/2011 12:00:00 AM","Sunburst","18","0","560","0","26",
"25-101-21682-00-00","2/28/2011 12:00:00 AM","Sunburst","18","0","484","0","21",
"25-101-21682-00-00","1/31/2011 12:00:00 AM","Sunburst","18","0","546","0","25",
"25-101-21682-00-00","12/31/2010 12:00:00 AM","Sunburst","18","0","476","0","31",
"25-101-21682-00-00","11/30/2010 12:00:00 AM","Sunburst","18","0","449","0","30",
"25-101-21682-00-00","10/31/2010 12:00:00 AM","Sunburst","18","0","586","0","27",
"25-101-21682-00-00","9/30/2010 12:00:00 AM","Sunburst","18","0","0","0","0",
"25-101-21682-00-00","8/31/2010 12:00:00 AM","Sunburst","18","0","0","0","0",
"25-101-21682-00-00","7/31/2010 12:00:00 AM","Sunburst","18","0","0","0","0",
"25-101-21682-00-00","6/30/2010 12:00:00 AM","Sunburst","18","0","0","0","0",
"25-101-21682-00-00","5/31/2010 12:00:00 AM","Sunburst","18","0","0","0","0",
"25-101-21682-00-00","4/30/2010 12:00:00 AM","Sunburst","18","0","0","0","0",
"25-101-21682-00-00","3/31/2010 12:00:00 AM","Sunburst","18","0","0","0","0",
"25-101-21682-00-00","2/28/2010 12:00:00 AM","Sunburst","18","0","0","0","0",
"25-101-21682-00-00","1/31/2010 12:00:00 AM","Sunburst","18","0","0","0","0",
"25-101-21682-00-00","12/31/2009 12:00:00 AM","Sunburst","18","0","0","0","0",
"25-101-21682-00-00","11/30/2009 12:00:00 AM","Sunburst","18","0","0","0","0",
"25-101-21682-00-00","10/31/2009 12:00:00 AM","Sunburst","18","0","282","0","20",
"25-101-21682-00-00","9/30/2009 12:00:00 AM","Sunburst","18","0","453","0","30",
"25-101-21682-00-00","8/31/2009 12:00:00 AM","Sunburst","18","0","547","0","31",
"25-101-21682-00-00","7/31/2009 12:00:00 AM","Sunburst","18","0","502","0","31",
"25-101-21682-00-00","6/30/2009 12:00:00 AM","Sunburst","18","0","471","0","30",
"25-101-21682-00-00","5/31/2009 12:00:00 AM","Sunburst","18","0","431","0","31",
"25-101-21682-00-00","4/30/2009 12:00:00 AM","Sunburst","18","0","458","0","30",
"25-101-21682-00-00","3/31/2009 12:00:00 AM","Sunburst","18","0","408","0","31",
"25-101-21682-00-00","2/28/2009 12:00:00 AM","Sunburst","18","0","282","0","22",
"25-101-21682-00-00","1/31/2009 12:00:00 AM","Sunburst","18","0","352","0","30",
"25-101-21682-00-00","12/31/2008 12:00:00 AM","Sunburst","18","0","461","0","29",
"25-101-21682-00-00","11/30/2008 12:00:00 AM","Sunburst","18","0","674","0","30",
"25-101-21682-00-00","10/31/2008 12:00:00 AM","Sunburst","18","0","656","0","31",
"25-101-21682-00-00","9/30/2008 12:00:00 AM","Sunburst","18","0","587","0","30",
"25-101-21682-00-00","8/31/2008 12:00:00 AM","Sunburst","18","0","552","0","31",
"25-101-21682-00-00","7/31/2008 12:00:00 AM","Sunburst","18","0","484","0","31",
"25-101-21682-00-00","6/30/2008 12:00:00 AM","Sunburst","18","0","521","0","30",
"25-101-21682-00-00","5/31/2008 12:00:00 AM","Sunburst","18","0","479","0","31",
"25-101-21682-00-00","4/30/2008 12:00:00 AM","Sunburst","18","0","541","0","30",
"25-101-21682-00-00","3/31/2008 12:00:00 AM","Sunburst","18","0","397","0","31",
"25-101-21682-00-00","2/29/2008 12:00:00 AM","Sunburst","18","0","485","0","29",
"25-101-21682-00-00","1/31/2008 12:00:00 AM","Sunburst","18","0","614","0","31",
"25-101-21682-00-00","12/31/2007 12:00:00 AM","Sunburst","18","0","291","0","19",
"25-101-21682-00-00","11/30/2007 12:00:00 AM","Sunburst","18","0","424","0","29",
"25-101-21682-00-00","10/31/2007 12:00:00 AM","Sunburst","18","0","551","0","31",
"25-101-21682-00-00","9/30/2007 12:00:00 AM","Sunburst","18","0","690","0","30",
"25-101-21682-00-00","8/31/2007 12:00:00 AM","Sunburst","18","0","629","0","28",
"25-101-21682-00-00","7/31/2007 12:00:00 AM","Sunburst","18","0","757","0","31",
"25-101-21682-00-00","6/30/2007 12:00:00 AM","Sunburst","18","0","830","0","30",
"25-101-21682-00-00","5/31/2007 12:00:00 AM","Sunburst","18","0","859","0","31",
"25-101-21682-00-00","4/30/2007 12:00:00 AM","Sunburst","18","0","779","0","30",
"25-101-21682-00-00","3/31/2007 12:00:00 AM","Sunburst","18","0","756","0","31",
"25-101-21682-00-00","2/28/2007 12:00:00 AM","Sunburst","18","0","741","0","28",
"25-101-21682-00-00","1/31/2007 12:00:00 AM","Sunburst","18","0","603","0","26",
"25-101-21682-00-00","12/31/2006 12:00:00 AM","Sunburst","18","0","748","0","31",
"25-101-21682-00-00","11/30/2006 12:00:00 AM","Sunburst","18","0","958","0","30",
"25-101-21682-00-00","10/31/2006 12:00:00 AM","Sunburst","18","0","824","0","31",
"25-101-21682-00-00","9/30/2006 12:00:00 AM","Sunburst","18","0","739","0","30",
"25-101-21682-00-00","8/31/2006 12:00:00 AM","Sunburst","18","0","584","0","31",
"25-101-21682-00-00","7/31/2006 12:00:00 AM","Sunburst","18","0","729","0","31",
"25-101-21682-00-00","6/30/2006 12:00:00 AM","Sunburst","18","0","309","0","30",
"25-101-21682-00-00","5/31/2006 12:00:00 AM","Sunburst","18","0","436","0","17",
"25-101-21682-00-00","4/30/2006 12:00:00 AM","Sunburst","18","0","733","0","30",
"25-101-21682-00-00","3/31/2006 12:00:00 AM","Sunburst","18","0","600","0","31",
"25-101-21682-00-00","2/28/2006 12:00:00 AM","Sunburst","18","0","652","0","28",
"25-101-21682-00-00","1/31/2006 12:00:00 AM","Sunburst","18","0","713","0","31",
"25-101-21682-00-00","12/31/2005 12:00:00 AM","Sunburst","18","0","602","0","30",
"25-101-21682-00-00","11/30/2005 12:00:00 AM","Sunburst","18","0","824","0","30",
"25-101-21682-00-00","10/31/2005 12:00:00 AM","Sunburst","18","0","474","0","29",
"25-101-21682-00-00","9/30/2005 12:00:00 AM","Sunburst","18","0","405","0","26",
"25-101-21682-00-00","8/31/2005 12:00:00 AM","Sunburst","18","0","371","0","31",
"25-101-21682-00-00","7/31/2005 12:00:00 AM","Sunburst","18","0","753","0","27",
"25-101-21682-00-00","6/30/2005 12:00:00 AM","Sunburst","18","0","1101","0","30",
"25-101-21682-00-00","5/31/2005 12:00:00 AM","Sunburst","18","0","820","0","30",
"25-101-21682-00-00","4/30/2005 12:00:00 AM","Sunburst","18","0","785","0","30",
"25-101-21682-00-00","3/31/2005 12:00:00 AM","Sunburst","18","0","849","0","31",
"25-101-21682-00-00","2/28/2005 12:00:00 AM","Sunburst","18","0","733","0","28",
"25-101-21682-00-00","1/31/2005 12:00:00 AM","Sunburst","18","0","589","0","31",
"25-101-21682-00-00","12/31/2004 12:00:00 AM","Sunburst","18","0","864","0","31",
"25-101-21682-00-00","11/30/2004 12:00:00 AM","Sunburst","18","0","850","0","30",
"25-101-21682-00-00","10/31/2004 12:00:00 AM","Sunburst","18","0","999","0","31",
"25-101-21682-00-00","9/30/2004 12:00:00 AM","Sunburst","18","0","972","0","30",
"25-101-21682-00-00","8/31/2004 12:00:00 AM","Sunburst","18","0","992","0","31",
"25-101-21682-00-00","7/31/2004 12:00:00 AM","Sunburst","18","0","953","0","31",
"25-101-21682-00-00","6/30/2004 12:00:00 AM","Sunburst","18","0","883","0","30",
"25-101-21682-00-00","5/31/2004 12:00:00 AM","Sunburst","18","0","484","0","30",
"25-101-21682-00-00","4/30/2004 12:00:00 AM","Sunburst","18","0","485","0","30",
"25-101-21682-00-00","3/31/2004 12:00:00 AM","Sunburst","18","0","427","0","31",
"25-101-21682-00-00","2/29/2004 12:00:00 AM","Sunburst","18","0","531","0","29",
"25-101-21682-00-00","1/31/2004 12:00:00 AM","Sunburst","18","0","422","0","31",
"25-101-21682-00-00","12/31/2003 12:00:00 AM","Sunburst","18","0","491","0","21",
"25-101-21682-00-00","11/30/2003 12:00:00 AM","Sunburst","18","0","772","0","24",
"25-101-21682-00-00","10/31/2003 12:00:00 AM","Sunburst","18","0","821","0","31",
"25-101-21682-00-00","9/30/2003 12:00:00 AM","Sunburst","18","0","855","0","30",
"25-101-21682-00-00","8/31/2003 12:00:00 AM","Sunburst","18","0","785","0","31",
"25-101-21682-00-00","7/31/2003 12:00:00 AM","Sunburst","18","0","784","0","31",
"25-101-21682-00-00","6/30/2003 12:00:00 AM","Sunburst","18","0","771","0","30",
"25-101-21682-00-00","5/31/2003 12:00:00 AM","Sunburst","18","0","834","0","31",
"25-101-21682-00-00","4/30/2003 12:00:00 AM","Sunburst","18","0","638","0","30",
"25-101-21682-00-00","3/31/2003 12:00:00 AM","Sunburst","18","0","728","0","31",
"25-101-21682-00-00","2/28/2003 12:00:00 AM","Sunburst","18","0","706","0","28",
"25-101-21682-00-00","1/31/2003 12:00:00 AM","Sunburst","18","0","1000","0","24",
"25-101-21682-00-00","12/31/2002 12:00:00 AM","Sunburst","18","0","653","0","31",
"25-101-21682-00-00","11/30/2002 12:00:00 AM","Sunburst","18","0","643","0","30",
"25-101-21682-00-00","10/31/2002 12:00:00 AM","Sunburst","18","0","798","0","31",
"25-101-21682-00-00","9/30/2002 12:00:00 AM","Sunburst","18","0","758","0","25",
"25-101-21682-00-00","8/31/2002 12:00:00 AM","Sunburst","18","0","705","0","31",
"25-101-21682-00-00","7/31/2002 12:00:00 AM","Sunburst","18","0","640","0","30",
"25-101-21682-00-00","6/30/2002 12:00:00 AM","Sunburst","18","0","701","0","30",
"25-101-21682-00-00","5/31/2002 12:00:00 AM","Sunburst","18","0","998","0","31",
"25-101-21682-00-00","4/30/2002 12:00:00 AM","Sunburst","18","0","1116","0","30",
"25-101-21682-00-00","3/31/2002 12:00:00 AM","Sunburst","18","0","1147","0","31",
"25-101-21682-00-00","2/28/2002 12:00:00 AM","Sunburst","18","0","797","0","28",
"25-101-21682-00-00","1/31/2002 12:00:00 AM","Sunburst","18","0","918","0","31",
"25-101-21682-00-00","12/31/2001 12:00:00 AM","Sunburst","18","0","1075","0","31",
"25-101-21682-00-00","11/30/2001 12:00:00 AM","Sunburst","18","0","838","0","30",
"25-101-21682-00-00","10/31/2001 12:00:00 AM","Sunburst","18","0","1016","0","31",
"25-101-21682-00-00","9/30/2001 12:00:00 AM","Sunburst","18","0","771","0","30",
"25-101-21682-00-00","8/31/2001 12:00:00 AM","Sunburst","18","0","847","0","31",
"25-101-21682-00-00","7/31/2001 12:00:00 AM","Sunburst","18","0","799","0","31",
"25-101-21682-00-00","6/30/2001 12:00:00 AM","Sunburst","18","0","987","0","30",
"25-101-21682-00-00","5/31/2001 12:00:00 AM","Sunburst","18","0","876","0","38",
"25-101-21682-00-00","4/30/2001 12:00:00 AM","Sunburst","18","0","986","0","30",
"25-101-21682-00-00","3/31/2001 12:00:00 AM","Sunburst","18","0","989","0","31",
"25-101-21682-00-00","2/28/2001 12:00:00 AM","Sunburst","18","0","1556","0","28",
"25-101-21682-00-00","1/31/2001 12:00:00 AM","Sunburst","18","0","1467","0","31",
"25-101-21682-00-00","12/31/2000 12:00:00 AM","Sunburst","18","0","1149","0","25",
"25-101-21682-00-00","11/30/2000 12:00:00 AM","Sunburst","18","0","1315","0","30",
"25-101-21682-00-00","10/31/2000 12:00:00 AM","Sunburst","18","0","1443","0","31",
"25-101-21682-00-00","9/30/2000 12:00:00 AM","Sunburst","18","0","1202","0","30",
"25-101-21682-00-00","8/31/2000 12:00:00 AM","Sunburst","18","0","1189","0","31",
"25-101-21682-00-00","7/31/2000 12:00:00 AM","Sunburst","18","0","1323","0","31",
"25-101-21682-00-00","6/30/2000 12:00:00 AM","Sunburst","18","0","1360","0","30",
"25-101-21682-00-00","5/31/2000 12:00:00 AM","Sunburst","18","0","1509","0","31",
"25-101-21682-00-00","4/30/2000 12:00:00 AM","Sunburst","18","0","1630","0","30",
"25-101-21682-00-00","3/31/2000 12:00:00 AM","Sunburst","18","0","1733","0","31",
"25-101-21682-00-00","2/29/2000 12:00:00 AM","Sunburst","18","0","1448","0","29",
"25-101-21682-00-00","1/31/2000 12:00:00 AM","Sunburst","18","0","2095","0","31",
"25-101-21682-00-00","12/31/1999 12:00:00 AM","Sunburst","18","0","1589","0","31",
"25-101-21682-00-00","11/30/1999 12:00:00 AM","Sunburst","18","0","1854","0","30",
"25-101-21682-00-00","10/31/1999 12:00:00 AM","Sunburst","18","0","2727","0","31",
"25-101-21682-00-00","9/30/1999 12:00:00 AM","Sunburst","18","0","5591","0","25",
"25-101-21682-00-00","8/31/1999 12:00:00 AM","Sunburst","18","0","6868","0","31",
"25-101-21682-00-00","7/31/1999 12:00:00 AM","Sunburst","18","0","2231","0","10",
"25-101-21682-00-00","6/30/1999 12:00:00 AM","Sunburst","18","0","0","0","0",
"25-101-21682-00-00","5/31/1999 12:00:00 AM","Sunburst","18","0","100","0","10",
"25-101-21682-00-00","4/30/1999 12:00:00 AM","Sunburst","18","0","128","0","13",
"25-101-21682-00-00","3/31/1999 12:00:00 AM","Sunburst","18","0","0","0","0",
"25-101-21682-00-00","2/28/1999 12:00:00 AM","Sunburst","18","0","74","0","28",
"25-101-21682-00-00","1/31/1999 12:00:00 AM","Sunburst","18","0","77","0","18",
"25-101-21682-00-00","12/31/1998 12:00:00 AM","Sunburst","18","0","29","0","9",
"25-101-21682-00-00","11/30/1998 12:00:00 AM","Sunburst","18","0","70","0","19",
"25-101-21682-00-00","10/31/1998 12:00:00 AM","Sunburst","18","0","115","0","31",
"25-101-21682-00-00","9/30/1998 12:00:00 AM","Sunburst","18","0","103","0","30",
"25-101-21682-00-00","8/31/1998 12:00:00 AM","Sunburst","18","0","73","0","30",
"25-101-21682-00-00","7/31/1998 12:00:00 AM","Sunburst","18","0","827","0","28",
"25-101-21682-00-00","6/30/1998 12:00:00 AM","Sunburst","18","0","859","0","24",
"25-101-21682-00-00","5/31/1998 12:00:00 AM","Sunburst","18","0","1432","0","31",
"25-101-21682-00-00","4/30/1998 12:00:00 AM","Sunburst","18","0","1199","0","30",
"25-101-21682-00-00","3/31/1998 12:00:00 AM","Sunburst","18","0","1292","0","30",
"25-101-21682-00-00","2/28/1998 12:00:00 AM","Sunburst","18","0","1144","0","26",
"25-101-21682-00-00","1/31/1998 12:00:00 AM","Sunburst","18","0","1106","0","30",
"25-101-21682-00-00","12/31/1997 12:00:00 AM","Sunburst","18","0","329","0","9",
"25-101-21682-00-00","11/30/1997 12:00:00 AM","Sunburst","18","0","1504","0","30",
"25-101-21682-00-00","10/31/1997 12:00:00 AM","Sunburst","18","0","1403","0","30",
"25-101-21682-00-00","9/30/1997 12:00:00 AM","Sunburst","18","0","1232","0","30",
"25-101-21682-00-00","8/31/1997 12:00:00 AM","Sunburst","18","0","1330","0","31",
"25-101-21682-00-00","7/31/1997 12:00:00 AM","Sunburst","18","0","1357","0","31",
"25-101-21682-00-00","6/30/1997 12:00:00 AM","Sunburst","18","0","1240","0","29",
"25-101-21682-00-00","5/31/1997 12:00:00 AM","Sunburst","18","0","1593","0","31",
"25-101-21682-00-00","4/30/1997 12:00:00 AM","Sunburst","18","0","1128","0","30",
"25-101-21682-00-00","3/31/1997 12:00:00 AM","Sunburst","18","0","1387","0","31",
"25-101-21682-00-00","2/28/1997 12:00:00 AM","Sunburst","18","0","1332","0","28",
"25-101-21682-00-00","1/31/1997 12:00:00 AM","Sunburst","18","0","1717","0","30",
"25-101-21682-00-00","12/31/1996 12:00:00 AM","Sunburst","18","0","1417","0","29",
"25-101-21682-00-00","11/30/1996 12:00:00 AM","Sunburst","18","0","1571","0","30",
"25-101-21682-00-00","10/31/1996 12:00:00 AM","Sunburst","18","0","1633","0","31",
"25-101-21682-00-00","9/30/1996 12:00:00 AM","Sunburst","18","0","1552","0","29",
"25-101-21682-00-00","8/31/1996 12:00:00 AM","Sunburst","18","0","1241","0","29",
"25-101-21682-00-00","7/31/1996 12:00:00 AM","Sunburst","18","0","1408","0","30",
"25-101-21682-00-00","6/30/1996 12:00:00 AM","Sunburst","18","0","1703","0","30",
"25-101-21682-00-00","5/31/1996 12:00:00 AM","Sunburst","18","0","1914","0","31",
"25-101-21682-00-00","4/30/1996 12:00:00 AM","Sunburst","18","0","1711","0","30",
"25-101-21682-00-00","3/31/1996 12:00:00 AM","Sunburst","18","0","2100","0","31",
"25-101-21682-00-00","2/29/1996 12:00:00 AM","Sunburst","18","0","2053","0","29",
"25-101-21682-00-00","1/31/1996 12:00:00 AM","Sunburst","18","0","2379","0","28",
"25-101-21682-00-00","12/31/1995 12:00:00 AM","Sunburst","18","0","1509","0","30",
"25-101-21682-00-00","11/30/1995 12:00:00 AM","Sunburst","18","0","1219","0","30",
"25-101-21682-00-00","10/31/1995 12:00:00 AM","Sunburst","18","0","1006","0","31",
"25-101-21682-00-00","9/30/1995 12:00:00 AM","Sunburst","18","0","1070","0","29",
"25-101-21682-00-00","8/31/1995 12:00:00 AM","Sunburst","18","0","1386","0","31",
"25-101-21682-00-00","7/31/1995 12:00:00 AM","Sunburst","18","0","1249","0","30",
"25-101-21682-00-00","6/30/1995 12:00:00 AM","Sunburst","18","0","1062","0","30",
"25-101-21682-00-00","5/31/1995 12:00:00 AM","Sunburst","18","0","1170","0","31",
"25-101-21682-00-00","4/30/1995 12:00:00 AM","Sunburst","18","0","1551","0","30",
"25-101-21682-00-00","3/31/1995 12:00:00 AM","Sunburst","18","0","1032","0","31",
"25-101-21682-00-00","2/28/1995 12:00:00 AM","Sunburst","18","0","891","0","25",
"25-101-21682-00-00","1/31/1995 12:00:00 AM","Sunburst","18","0","1179","0","29",
"25-101-21682-00-00","12/31/1994 12:00:00 AM","Sunburst","18","0","1270","0","31",
"25-101-21682-00-00","11/30/1994 12:00:00 AM","Sunburst","18","0","1050","0","30",
"25-101-21682-00-00","10/31/1994 12:00:00 AM","Sunburst","18","0","1173","0","30",
"25-101-21682-00-00","9/30/1994 12:00:00 AM","Sunburst","18","0","788","0","24",
"25-101-21682-00-00","8/31/1994 12:00:00 AM","Sunburst","18","0","425","0","31",
"25-101-21682-00-00","7/31/1994 12:00:00 AM","Sunburst","18","0","1195","0","30",
"25-101-21682-00-00","6/30/1994 12:00:00 AM","Sunburst","18","0","1543","0","30",
"25-101-21682-00-00","5/31/1994 12:00:00 AM","Sunburst","18","0","662","0","22",
"25-101-21682-00-00","4/30/1994 12:00:00 AM","Sunburst","18","0","1160","0","30",
"25-101-21682-00-00","3/31/1994 12:00:00 AM","Sunburst","18","0","1034","0","30",
"25-101-21682-00-00","2/28/1994 12:00:00 AM","Sunburst","18","0","1131","0","28",
"25-101-21682-00-00","1/31/1994 12:00:00 AM","Sunburst","18","0","1112","0","31",
"25-101-21682-00-00","12/31/1993 12:00:00 AM","Sunburst","18","0","1058","0","29",
"25-101-21682-00-00","11/30/1993 12:00:00 AM","Sunburst","18","0","1101","0","23",
"25-101-21682-00-00","10/31/1993 12:00:00 AM","Sunburst","18","0","2841","0","18",
"25-101-21682-00-00","9/30/1993 12:00:00 AM","Sunburst","18","0","1470","0","29",
"25-101-21682-00-00","8/31/1993 12:00:00 AM","Sunburst","18","0","1201","0","27",
"25-101-21682-00-00","7/31/1993 12:00:00 AM","Sunburst","18","0","1013","0","29",
"25-101-21682-00-00","6/30/1993 12:00:00 AM","Sunburst","18","0","1673","0","30",
"25-101-21682-00-00","5/31/1993 12:00:00 AM","Sunburst","18","0","1524","0","31",
"25-101-21682-00-00","4/30/1993 12:00:00 AM","Sunburst","18","0","1448","0","28",
"25-101-21682-00-00","3/31/1993 12:00:00 AM","Sunburst","18","0","1456","0","29",
"25-101-21682-00-00","2/28/1993 12:00:00 AM","Sunburst","18","0","1418","0","23",
"25-101-21682-00-00","1/31/1993 12:00:00 AM","Sunburst","18","0","2599","0","31",
"25-101-21682-00-00","12/31/1992 12:00:00 AM","Sunburst","18","0","2171","0","29",
"25-101-21682-00-00","11/30/1992 12:00:00 AM","Sunburst","18","0","2000","0","29",
"25-101-21682-00-00","10/31/1992 12:00:00 AM","Sunburst","18","0","972","0","22",
"25-101-21682-00-00","9/30/1992 12:00:00 AM","Sunburst","18","0","859","0","24",
"25-101-21682-00-00","8/31/1992 12:00:00 AM","Sunburst","18","0","1152","0","31",
"25-101-21682-00-00","7/31/1992 12:00:00 AM","Sunburst","18","0","1240","0","31",
"25-101-21682-00-00","6/30/1992 12:00:00 AM","Sunburst","18","0","1569","0","30",
"25-101-21682-00-00","5/31/1992 12:00:00 AM","Sunburst","18","0","1664","0","30",
"25-101-21682-00-00","4/30/1992 12:00:00 AM","Sunburst","18","0","1944","0","30",
"25-101-21682-00-00","3/31/1992 12:00:00 AM","Sunburst","18","0","2438","0","31",
"25-101-21682-00-00","2/29/1992 12:00:00 AM","Sunburst","18","0","2072","0","29",
"25-101-21682-00-00","1/31/1992 12:00:00 AM","Sunburst","18","0","2082","0","29",
"25-101-21682-00-00","12/31/1991 12:00:00 AM","Sunburst","18","0","2663","0","31",
"25-101-21682-00-00","11/30/1991 12:00:00 AM","Sunburst","18","0","1561","0","30",
"25-101-21682-00-00","10/31/1991 12:00:00 AM","Sunburst","18","0","1394","0","29",
"25-101-21682-00-00","9/30/1991 12:00:00 AM","Sunburst","18","0","453","0","18",
"25-101-21682-00-00","8/31/1991 12:00:00 AM","Sunburst","18","0","205","0","9",
"25-101-21682-00-00","7/31/1991 12:00:00 AM","Sunburst","18","0","1078","0","18",
"25-101-21682-00-00","6/30/1991 12:00:00 AM","Sunburst","18","0","3093","0","30",
"25-101-21682-00-00","5/31/1991 12:00:00 AM","Sunburst","18","0","2934","0","31",
"25-101-21682-00-00","4/30/1991 12:00:00 AM","Sunburst","18","0","2170","0","30",
"25-101-21682-00-00","3/31/1991 12:00:00 AM","Sunburst","18","0","2315","0","31",
"25-101-21682-00-00","2/28/1991 12:00:00 AM","Sunburst","18","0","2250","0","28",
"25-101-21682-00-00","1/31/1991 12:00:00 AM","Sunburst","18","0","3024","0","31",
"25-101-21682-00-00","12/31/1990 12:00:00 AM","Sunburst","18","0","2959","0","30",
"25-101-21682-00-00","11/30/1990 12:00:00 AM","Sunburst","18","0","3130","0","30",
"25-101-21682-00-00","10/31/1990 12:00:00 AM","Sunburst","18","0","3321","0","31",
"25-101-21682-00-00","9/30/1990 12:00:00 AM","Sunburst","18","0","2015","0","29",
"25-101-21682-00-00","8/31/1990 12:00:00 AM","Sunburst","18","0","4147","0","31",
"25-101-21682-00-00","7/31/1990 12:00:00 AM","Sunburst","18","0","3319","0","31",
"25-101-21682-00-00","6/30/1990 12:00:00 AM","Sunburst","18","0","2776","0","28",
"25-101-21682-00-00","5/31/1990 12:00:00 AM","Sunburst","18","0","2785","0","30",
"25-101-21682-00-00","4/30/1990 12:00:00 AM","Sunburst","18","0","2262","0","27",
"25-101-21682-00-00","3/31/1990 12:00:00 AM","Sunburst","18","0","3073","0","31",
"25-101-21682-00-00","2/28/1990 12:00:00 AM","Sunburst","18","0","2262","0","27",
"25-101-21682-00-00","1/31/1990 12:00:00 AM","Sunburst","18","0","1999","0","29",
"25-101-21682-00-00","12/31/1989 12:00:00 AM","Sunburst","18","0","2658","0","28",
"25-101-21682-00-00","11/30/1989 12:00:00 AM","Sunburst","18","0","4391","0","29",
"25-101-21682-00-00","10/31/1989 12:00:00 AM","Sunburst","18","0","4379","0","31",
"25-101-21682-00-00","9/30/1989 12:00:00 AM","Sunburst","18","0","2591","0","30",
"25-101-21682-00-00","8/31/1989 12:00:00 AM","Sunburst","18","0","2657","0","29",
"25-101-21682-00-00","7/31/1989 12:00:00 AM","Sunburst","18","0","3045","0","31",
"25-101-21682-00-00","6/30/1989 12:00:00 AM","Sunburst","18","0","2789","0","30",
"25-101-21682-00-00","5/31/1989 12:00:00 AM","Sunburst","18","0","5141","0","31",
"25-101-21682-00-00","4/30/1989 12:00:00 AM","Sunburst","18","0","4938","0","30",
"25-101-21682-00-00","3/31/1989 12:00:00 AM","Sunburst","18","0","4908","0","31",
"25-101-21682-00-00","2/28/1989 12:00:00 AM","Sunburst","18","0","3811","0","28",
"25-101-21682-00-00","1/31/1989 12:00:00 AM","Sunburst","18","0","4168","0","31",
"25-101-21682-00-00","12/31/1988 12:00:00 AM","Sunburst","18","0","4638","0","31",
"25-101-21682-00-00","11/30/1988 12:00:00 AM","Sunburst","18","0","5573","0","29",
"25-101-21682-00-00","10/31/1988 12:00:00 AM","Sunburst","18","0","5788","0","31",
"25-101-21682-00-00","9/30/1988 12:00:00 AM","Sunburst","18","0","5259","0","30",
"25-101-21682-00-00","8/31/1988 12:00:00 AM","Sunburst","18","0","5314","0","31",
"25-101-21682-00-00","7/31/1988 12:00:00 AM","Sunburst","18","0","4433","0","31",
"25-101-21682-00-00","6/30/1988 12:00:00 AM","Sunburst","18","0","4030","0","30",
"25-101-21682-00-00","5/31/1988 12:00:00 AM","Sunburst","18","0","3009","0","28",
"25-101-21682-00-00","4/30/1988 12:00:00 AM","Sunburst","18","0","3790","0","28",
"25-101-21682-00-00","3/31/1988 12:00:00 AM","Sunburst","18","0","5068","0","25",
"25-101-21682-00-00","2/29/1988 12:00:00 AM","Sunburst","18","0","3008","0","23",
"25-101-21682-00-00","1/31/1988 12:00:00 AM","Sunburst","18","0","1816","0","8",
"25-101-21682-00-00","12/31/1987 12:00:00 AM","Sunburst","18","0","374","0","8",
"25-101-21682-00-00","9/30/1987 12:00:00 AM","Sunburst","18","0","6156","0","30",
"25-101-21682-00-00","8/31/1987 12:00:00 AM","Sunburst","18","0","6134","0","31",
"25-101-21682-00-00","7/31/1987 12:00:00 AM","Sunburst","18","0","5236","0","31",
"25-101-21682-00-00","6/30/1987 12:00:00 AM","Sunburst","18","0","749","0","30",
"25-101-21682-00-00","5/31/1987 12:00:00 AM","Sunburst","18","0","3165","0","31",
"25-101-21682-00-00","4/30/1987 12:00:00 AM","Sunburst","18","0","3270","0","30",
"25-101-21682-00-00","12/31/1986 12:00:00 AM","Sunburst","18","0","934","0","31",
"25-101-21682-00-00","11/30/1986 12:00:00 AM","Sunburst","18","0","885","0","30",
"25-101-21682-00-00","10/31/1986 12:00:00 AM","Sunburst","18","0","2368","0","31",
"25-101-21682-00-00","9/30/1986 12:00:00 AM","Sunburst","18","0","2938","0","30",
"25-101-21682-00-00","8/31/1986 12:00:00 AM","Sunburst","18","0","472","0","31",
"25-101-21682-00-00","4/30/1986 12:00:00 AM","Sunburst","18","0","2325","0","30",
"25-101-21682-00-00","3/31/1986 12:00:00 AM","Sunburst","18","0","4616","0","31",
"25-101-21682-00-00","2/28/1986 12:00:00 AM","Sunburst","18","0","2360","0","28",
"25-101-21682-00-00","1/31/1986 12:00:00 AM","Sunburst","18","0","6728","0","31",

