API_WellNo,RptDate,Formation,Lease_Unit,BBLS_OIL_COND,MCF_GAS,BBLS_WTR,DAYS_PROD
25-035-21353-00-00,7/31/2025 12:00:00 AM,Blackleaf,110011,0,0,0,0
25-035-21353-00-00,6/30/2025 12:00:00 AM,Blackleaf,110011,0,0,0,0
25-035-21353-00-00,5/31/2025 12:00:00 AM,Blackleaf,110011,0,0,0,0
25-035-21353-00-00,4/30/2025 12:00:00 AM,Blackleaf,110011,0,0,0,0
25-035-21353-00-00,3/31/2025 12:00:00 AM,Blackleaf,110011,0,0,0,0
25-035-21353-00-00,2/28/2025 12:00:00 AM,Blackleaf,110011,0,0,0,0
25-035-21353-00-00,1/31/2025 12:00:00 AM,Blackleaf,110011,0,0,0,0
25-035-21353-00-00,12/31/2024 12:00:00 AM,Blackleaf,110011,0,0,0,0
25-035-21353-00-00,11/30/2024 12:00:00 AM,Blackleaf,110011,0,0,0,0
25-035-21353-00-00,10/31/2024 12:00:00 AM,Blackleaf,110011,0,0,0,0
25-035-21353-00-00,9/30/2024 12:00:00 AM,Blackleaf,110011,0,0,0,0
25-035-21353-00-00,8/31/2024 12:00:00 AM,Blackleaf,110011,0,0,0,0
25-035-21353-00-00,7/31/2024 12:00:00 AM,Blackleaf,110011,0,144,0,31
25-035-21353-00-00,6/30/2024 12:00:00 AM,Blackleaf,110011,0,133,0,30
25-035-21353-00-00,5/31/2024 12:00:00 AM,Blackleaf,110011,0,159,0,31
25-035-21353-00-00,4/30/2024 12:00:00 AM,Blackleaf,110011,0,161,0,30
25-035-21353-00-00,3/31/2024 12:00:00 AM,Blackleaf,110011,0,151,0,31
25-035-21353-00-00,2/29/2024 12:00:00 AM,Blackleaf,110011,0,161,0,29
25-035-21353-00-00,1/31/2024 12:00:00 AM,Blackleaf,110011,0,17,0,31
25-035-21353-00-00,12/31/2023 12:00:00 AM,Blackleaf,110011,0,168,0,31
25-035-21353-00-00,11/30/2023 12:00:00 AM,Blackleaf,110011,0,196,0,30
25-035-21353-00-00,10/31/2023 12:00:00 AM,Blackleaf,110011,0,125,0,31
25-035-21353-00-00,9/30/2023 12:00:00 AM,Blackleaf,110011,0,113,0,30
25-035-21353-00-00,8/31/2023 12:00:00 AM,Blackleaf,110011,0,136,0,31
25-035-21353-00-00,7/31/2023 12:00:00 AM,Blackleaf,110011,0,129,0,31
25-035-21353-00-00,6/30/2023 12:00:00 AM,Blackleaf,110011,0,70,0,30
25-035-21353-00-00,5/31/2023 12:00:00 AM,Blackleaf,110011,0,104,0,31
25-035-21353-00-00,4/30/2023 12:00:00 AM,Blackleaf,110011,0,123,0,30
25-035-21353-00-00,3/31/2023 12:00:00 AM,Blackleaf,110011,0,115,0,31
25-035-21353-00-00,2/28/2023 12:00:00 AM,Blackleaf,110011,0,115,0,28
25-035-21353-00-00,1/31/2023 12:00:00 AM,Blackleaf,110011,0,149,0,31
25-035-21353-00-00,12/31/2022 12:00:00 AM,Blackleaf,110011,0,95,0,31
25-035-21353-00-00,11/30/2022 12:00:00 AM,Blackleaf,110011,0,183,0,30
25-035-21353-00-00,10/31/2022 12:00:00 AM,Blackleaf,110011,0,157,0,31
25-035-21353-00-00,9/30/2022 12:00:00 AM,Blackleaf,110011,0,154,0,30
25-035-21353-00-00,8/31/2022 12:00:00 AM,Blackleaf,110011,0,136,0,31
25-035-21353-00-00,7/31/2022 12:00:00 AM,Blackleaf,110011,0,99,0,31
25-035-21353-00-00,6/30/2022 12:00:00 AM,Blackleaf,110011,0,114,0,30
25-035-21353-00-00,5/31/2022 12:00:00 AM,Blackleaf,110011,0,124,0,27
25-035-21353-00-00,4/30/2022 12:00:00 AM,Blackleaf,110011,0,145,0,30
25-035-21353-00-00,3/31/2022 12:00:00 AM,Blackleaf,110011,0,157,0,31
25-035-21353-00-00,2/28/2022 12:00:00 AM,Blackleaf,110011,0,133,0,28
25-035-21353-00-00,1/31/2022 12:00:00 AM,Blackleaf,110011,0,179,0,31
25-035-21353-00-00,12/31/2021 12:00:00 AM,Blackleaf,110011,0,143,0,31
25-035-21353-00-00,11/30/2021 12:00:00 AM,Blackleaf,110011,0,95,0,31
25-035-21353-00-00,10/31/2021 12:00:00 AM,Blackleaf,110011,0,172,0,31
25-035-21353-00-00,9/30/2021 12:00:00 AM,Blackleaf,110011,0,66,0,30
25-035-21353-00-00,8/31/2021 12:00:00 AM,Blackleaf,110011,0,226,0,0
25-035-21353-00-00,7/31/2021 12:00:00 AM,Blackleaf,110011,0,172,0,0
25-035-21353-00-00,6/30/2021 12:00:00 AM,Blackleaf,110011,0,194,0,23
25-035-21353-00-00,5/31/2021 12:00:00 AM,Blackleaf,110011,0,169,0,18
25-035-21353-00-00,4/30/2021 12:00:00 AM,Blackleaf,110011,0,13,0,2
25-035-21353-00-00,3/31/2021 12:00:00 AM,Blackleaf,110011,0,0,0,0
25-035-21353-00-00,2/28/2021 12:00:00 AM,Blackleaf,110011,0,0,0,0
25-035-21353-00-00,1/31/2021 12:00:00 AM,Blackleaf,110011,0,0,0,0
25-035-21353-00-00,12/31/2020 12:00:00 AM,Blackleaf,110011,0,0,0,0
25-035-21353-00-00,11/30/2020 12:00:00 AM,Blackleaf,110011,0,0,0,0
25-035-21353-00-00,10/31/2020 12:00:00 AM,Blackleaf,110011,0,0,0,0
25-035-21353-00-00,9/30/2020 12:00:00 AM,Blackleaf,110011,0,0,0,0
25-035-21353-00-00,8/31/2020 12:00:00 AM,Blackleaf,110011,0,0,0,0
25-035-21353-00-00,7/31/2020 12:00:00 AM,Blackleaf,110011,0,0,0,0
25-035-21353-00-00,6/30/2020 12:00:00 AM,Blackleaf,110011,0,0,0,0
25-035-21353-00-00,5/31/2020 12:00:00 AM,Blackleaf,110011,0,0,0,0
25-035-21353-00-00,4/30/2020 12:00:00 AM,Blackleaf,110011,0,86,0,30
25-035-21353-00-00,3/31/2020 12:00:00 AM,Blackleaf,110011,0,147,0,31
25-035-21353-00-00,2/29/2020 12:00:00 AM,Blackleaf,110011,0,152,0,29
25-035-21353-00-00,1/31/2020 12:00:00 AM,Blackleaf,110011,0,122,0,31
25-035-21353-00-00,12/31/2019 12:00:00 AM,Blackleaf,110011,0,145,0,31
25-035-21353-00-00,11/30/2019 12:00:00 AM,Blackleaf,110011,0,125,0,30
25-035-21353-00-00,10/31/2019 12:00:00 AM,Blackleaf,110011,0,175,0,31
25-035-21353-00-00,9/30/2019 12:00:00 AM,Blackleaf,110011,0,161,0,29
25-035-21353-00-00,8/31/2019 12:00:00 AM,Blackleaf,110011,0,174,0,30
25-035-21353-00-00,7/31/2019 12:00:00 AM,Blackleaf,110011,0,160,0,31
25-035-21353-00-00,6/30/2019 12:00:00 AM,Blackleaf,110011,0,110,0,23
25-035-21353-00-00,5/31/2019 12:00:00 AM,Blackleaf,110011,0,111,0,30
25-035-21353-00-00,4/30/2019 12:00:00 AM,Blackleaf,110011,0,125,0,30
25-035-21353-00-00,3/31/2019 12:00:00 AM,Blackleaf,110011,0,169,0,31
25-035-21353-00-00,2/28/2019 12:00:00 AM,Blackleaf,110011,0,171,0,27
25-035-21353-00-00,1/31/2019 12:00:00 AM,Blackleaf,110011,0,135,0,16
25-035-21353-00-00,12/31/2018 12:00:00 AM,Blackleaf,110011,0,0,0,0
25-035-21353-00-00,11/30/2018 12:00:00 AM,Blackleaf,110011,0,0,0,0
25-035-21353-00-00,10/31/2018 12:00:00 AM,Blackleaf,110011,0,0,0,0
25-035-21353-00-00,9/30/2018 12:00:00 AM,Blackleaf,110011,0,0,0,0
25-035-21353-00-00,8/31/2018 12:00:00 AM,Blackleaf,110011,0,0,0,0
25-035-21353-00-00,7/31/2018 12:00:00 AM,Blackleaf,110011,0,27,0,0
25-035-21353-00-00,6/30/2018 12:00:00 AM,Blackleaf,110011,0,94,0,26
25-035-21353-00-00,5/31/2018 12:00:00 AM,Blackleaf,110011,0,104,0,30
25-035-21353-00-00,4/30/2018 12:00:00 AM,Blackleaf,110011,0,79,0,30
25-035-21353-00-00,3/31/2018 12:00:00 AM,Blackleaf,110011,0,78,0,31
25-035-21353-00-00,2/28/2018 12:00:00 AM,Blackleaf,110011,0,91,0,28
25-035-21353-00-00,1/31/2018 12:00:00 AM,Blackleaf,110011,0,116,0,31
25-035-21353-00-00,12/31/2017 12:00:00 AM,Blackleaf,110011,0,121,0,31
25-035-21353-00-00,11/30/2017 12:00:00 AM,Blackleaf,110011,0,126,0,30
25-035-21353-00-00,10/31/2017 12:00:00 AM,Blackleaf,110011,0,136,0,31
25-035-21353-00-00,9/30/2017 12:00:00 AM,Blackleaf,110011,0,137,0,29
25-035-21353-00-00,8/31/2017 12:00:00 AM,Blackleaf,110011,0,142,0,31
25-035-21353-00-00,7/31/2017 12:00:00 AM,Blackleaf,110011,0,172,0,31
25-035-21353-00-00,6/30/2017 12:00:00 AM,Blackleaf,110011,0,129,0,26
25-035-21353-00-00,5/31/2017 12:00:00 AM,Blackleaf,110011,0,132,0,31
25-035-21353-00-00,4/30/2017 12:00:00 AM,Blackleaf,110011,0,132,0,28
25-035-21353-00-00,3/31/2017 12:00:00 AM,Blackleaf,110011,0,170,0,31
25-035-21353-00-00,2/28/2017 12:00:00 AM,Blackleaf,110011,0,130,0,25
25-035-21353-00-00,1/31/2017 12:00:00 AM,Blackleaf,110011,0,128,0,20
25-035-21353-00-00,12/31/2016 12:00:00 AM,Blackleaf,110011,0,151,0,30
25-035-21353-00-00,11/30/2016 12:00:00 AM,Blackleaf,110011,0,169,0,30
25-035-21353-00-00,10/31/2016 12:00:00 AM,Blackleaf,110011,0,182,0,31
25-035-21353-00-00,9/30/2016 12:00:00 AM,Blackleaf,110011,0,216,0,30
25-035-21353-00-00,8/31/2016 12:00:00 AM,Blackleaf,110011,0,147,0,21
25-035-21353-00-00,7/31/2016 12:00:00 AM,Blackleaf,110011,0,221,0,31
25-035-21353-00-00,6/30/2016 12:00:00 AM,Blackleaf,110011,0,225,0,30
25-035-21353-00-00,5/31/2016 12:00:00 AM,Blackleaf,110011,0,344,0,31
25-035-21353-00-00,4/30/2016 12:00:00 AM,Blackleaf,110011,0,341,0,30
25-035-21353-00-00,3/31/2016 12:00:00 AM,Blackleaf,110011,0,359,0,31
25-035-21353-00-00,2/29/2016 12:00:00 AM,Blackleaf,110011,0,275,0,22
25-035-21353-00-00,1/31/2016 12:00:00 AM,Blackleaf,110011,0,364,0,31
25-035-21353-00-00,12/31/2015 12:00:00 AM,Blackleaf,110011,0,353,0,29
25-035-21353-00-00,11/30/2015 12:00:00 AM,Blackleaf,110011,0,358,0,30
25-035-21353-00-00,10/31/2015 12:00:00 AM,Blackleaf,110011,0,377,0,31
25-035-21353-00-00,9/30/2015 12:00:00 AM,Blackleaf,110011,0,376,0,30
25-035-21353-00-00,8/31/2015 12:00:00 AM,Blackleaf,110011,0,365,0,30
25-035-21353-00-00,7/31/2015 12:00:00 AM,Blackleaf,110011,0,388,0,31
25-035-21353-00-00,6/30/2015 12:00:00 AM,Blackleaf,110011,0,343,0,27
25-035-21353-00-00,5/31/2015 12:00:00 AM,Blackleaf,110011,0,381,0,31
25-035-21353-00-00,4/30/2015 12:00:00 AM,Blackleaf,110011,0,370,0,30
25-035-21353-00-00,3/31/2015 12:00:00 AM,Blackleaf,110011,0,381,0,31
25-035-21353-00-00,2/28/2015 12:00:00 AM,Blackleaf,110011,0,353,0,28
25-035-21353-00-00,1/31/2015 12:00:00 AM,Blackleaf,110011,0,392,0,31
25-035-21353-00-00,12/31/2014 12:00:00 AM,Blackleaf,110011,0,962,0,31
25-035-21353-00-00,11/30/2014 12:00:00 AM,Blackleaf,110011,0,391,0,30
25-035-21353-00-00,10/31/2014 12:00:00 AM,Blackleaf,110011,0,415,0,31
25-035-21353-00-00,9/30/2014 12:00:00 AM,Blackleaf,110011,0,405,0,30
25-035-21353-00-00,8/31/2014 12:00:00 AM,Blackleaf,110011,0,413,0,31
25-035-21353-00-00,7/31/2014 12:00:00 AM,Blackleaf,110011,0,401,0,29
25-035-21353-00-00,6/30/2014 12:00:00 AM,Blackleaf,110011,0,296,0,22
25-035-21353-00-00,5/31/2014 12:00:00 AM,Blackleaf,110011,0,420,0,31
25-035-21353-00-00,4/30/2014 12:00:00 AM,Blackleaf,110011,0,186,0,13
25-035-21353-00-00,3/31/2014 12:00:00 AM,Blackleaf,110011,0,418,0,31
25-035-21353-00-00,2/28/2014 12:00:00 AM,Blackleaf,110011,0,311,0,24
25-035-21353-00-00,1/31/2014 12:00:00 AM,Blackleaf,110011,0,413,0,31
25-035-21353-00-00,12/31/2013 12:00:00 AM,Blackleaf,110011,0,361,0,28
25-035-21353-00-00,11/30/2013 12:00:00 AM,Blackleaf,110011,0,415,0,30
25-035-21353-00-00,10/31/2013 12:00:00 AM,Blackleaf,110011,0,383,0,31
25-035-21353-00-00,9/30/2013 12:00:00 AM,Blackleaf,110011,0,404,0,30
25-035-21353-00-00,8/31/2013 12:00:00 AM,Blackleaf,110011,0,420,0,31
25-035-21353-00-00,7/31/2013 12:00:00 AM,Blackleaf,110011,0,421,0,31
25-035-21353-00-00,6/30/2013 12:00:00 AM,Blackleaf,110011,0,366,0,26
25-035-21353-00-00,5/31/2013 12:00:00 AM,Blackleaf,110011,0,425,0,31
25-035-21353-00-00,4/30/2013 12:00:00 AM,Blackleaf,110011,0,0,0,30
25-035-21353-00-00,3/31/2013 12:00:00 AM,Blackleaf,110011,0,425,0,31
25-035-21353-00-00,2/28/2013 12:00:00 AM,Blackleaf,110011,0,388,0,28
25-035-21353-00-00,1/31/2013 12:00:00 AM,Blackleaf,110011,0,426,0,31
25-035-21353-00-00,12/31/2012 12:00:00 AM,Blackleaf,110011,0,430,0,31
25-035-21353-00-00,11/30/2012 12:00:00 AM,Blackleaf,110011,0,431,0,30
25-035-21353-00-00,10/31/2012 12:00:00 AM,Blackleaf,110011,0,417,0,30
25-035-21353-00-00,9/30/2012 12:00:00 AM,Blackleaf,110011,0,431,0,30
25-035-21353-00-00,8/31/2012 12:00:00 AM,Blackleaf,110011,0,450,0,31
25-035-21353-00-00,7/31/2012 12:00:00 AM,Blackleaf,110011,0,454,0,31
25-035-21353-00-00,6/30/2012 12:00:00 AM,Blackleaf,110011,0,393,0,26
25-035-21353-00-00,5/31/2012 12:00:00 AM,Blackleaf,110011,0,417,0,28
25-035-21353-00-00,4/30/2012 12:00:00 AM,Blackleaf,110011,0,430,0,30
25-035-21353-00-00,3/31/2012 12:00:00 AM,Blackleaf,110011,0,455,0,31
25-035-21353-00-00,2/29/2012 12:00:00 AM,Blackleaf,110011,0,389,0,29
25-035-21353-00-00,1/31/2012 12:00:00 AM,Blackleaf,110011,0,426,0,31
25-035-21353-00-00,12/31/2011 12:00:00 AM,Blackleaf,110011,0,450,0,31
25-035-21353-00-00,11/30/2011 12:00:00 AM,Blackleaf,110011,0,451,0,30
25-035-21353-00-00,10/31/2011 12:00:00 AM,Blackleaf,110011,0,462,0,31
25-035-21353-00-00,9/30/2011 12:00:00 AM,Blackleaf,110011,0,448,0,30
25-035-21353-00-00,8/31/2011 12:00:00 AM,Blackleaf,110011,0,400,0,26
25-035-21353-00-00,7/31/2011 12:00:00 AM,Blackleaf,110011,0,477,0,31
25-035-21353-00-00,6/30/2011 12:00:00 AM,Blackleaf,110011,0,318,0,20
25-035-21353-00-00,5/31/2011 12:00:00 AM,Blackleaf,110011,0,430,0,31
25-035-21353-00-00,4/30/2011 12:00:00 AM,Blackleaf,110011,0,401,0,30
25-035-21353-00-00,3/31/2011 12:00:00 AM,Blackleaf,110011,0,408,0,31
25-035-21353-00-00,2/28/2011 12:00:00 AM,Blackleaf,110011,0,387,0,28
25-035-21353-00-00,1/31/2011 12:00:00 AM,Blackleaf,110011,0,257,0,31
25-035-21353-00-00,12/31/2010 12:00:00 AM,Blackleaf,110011,0,292,0,31
25-035-21353-00-00,11/30/2010 12:00:00 AM,Blackleaf,110011,0,275,0,29
25-035-21353-00-00,10/31/2010 12:00:00 AM,Blackleaf,110011,0,441,0,31
25-035-21353-00-00,9/30/2010 12:00:00 AM,Blackleaf,110011,0,416,0,26
25-035-21353-00-00,8/31/2010 12:00:00 AM,Blackleaf,110011,0,495,0,31
25-035-21353-00-00,7/31/2010 12:00:00 AM,Blackleaf,110011,0,492,0,31
25-035-21353-00-00,6/30/2010 12:00:00 AM,Blackleaf,110011,0,486,0,30
25-035-21353-00-00,5/31/2010 12:00:00 AM,Blackleaf,110011,0,459,0,31
25-035-21353-00-00,4/30/2010 12:00:00 AM,Blackleaf,110011,0,474,0,30
25-035-21353-00-00,3/31/2010 12:00:00 AM,Blackleaf,110011,0,490,0,31
25-035-21353-00-00,2/28/2010 12:00:00 AM,Blackleaf,110011,0,455,0,28
25-035-21353-00-00,1/31/2010 12:00:00 AM,Blackleaf,110011,0,479,0,31
25-035-21353-00-00,12/31/2009 12:00:00 AM,Blackleaf,110011,0,471,0,31
25-035-21353-00-00,11/30/2009 12:00:00 AM,Blackleaf,110011,0,490,0,30
25-035-21353-00-00,10/31/2009 12:00:00 AM,Blackleaf,110011,0,463,0,27
25-035-21353-00-00,9/30/2009 12:00:00 AM,Blackleaf,110011,0,503,0,30
25-035-21353-00-00,8/31/2009 12:00:00 AM,Blackleaf,110011,0,513,0,31
25-035-21353-00-00,7/31/2009 12:00:00 AM,Blackleaf,110011,0,518,0,31
25-035-21353-00-00,6/30/2009 12:00:00 AM,Blackleaf,110011,0,514,0,30
25-035-21353-00-00,5/31/2009 12:00:00 AM,Blackleaf,110011,0,530,0,31
25-035-21353-00-00,4/30/2009 12:00:00 AM,Blackleaf,110011,0,500,0,30
25-035-21353-00-00,3/31/2009 12:00:00 AM,Blackleaf,110011,0,533,0,31
25-035-21353-00-00,2/28/2009 12:00:00 AM,Blackleaf,110011,0,490,0,28
25-035-21353-00-00,1/31/2009 12:00:00 AM,Blackleaf,110011,0,463,0,26
25-035-21353-00-00,12/31/2008 12:00:00 AM,Blackleaf,110011,0,376,0,23
25-035-21353-00-00,11/30/2008 12:00:00 AM,Blackleaf,110011,0,531,0,30
25-035-21353-00-00,10/31/2008 12:00:00 AM,Blackleaf,110011,0,467,0,27
25-035-21353-00-00,9/30/2008 12:00:00 AM,Blackleaf,110011,0,530,0,30
25-035-21353-00-00,8/31/2008 12:00:00 AM,Blackleaf,110011,0,545,0,31
25-035-21353-00-00,7/31/2008 12:00:00 AM,Blackleaf,110011,0,537,0,31
25-035-21353-00-00,6/30/2008 12:00:00 AM,Blackleaf,110011,0,525,0,30
25-035-21353-00-00,5/31/2008 12:00:00 AM,Blackleaf,110011,0,543,0,31
25-035-21353-00-00,4/30/2008 12:00:00 AM,Blackleaf,110011,0,529,0,30
25-035-21353-00-00,3/31/2008 12:00:00 AM,Blackleaf,110011,0,549,0,31
25-035-21353-00-00,2/29/2008 12:00:00 AM,Blackleaf,110011,0,481,0,29
25-035-21353-00-00,1/31/2008 12:00:00 AM,Blackleaf,110011,0,534,0,31
25-035-21353-00-00,12/31/2007 12:00:00 AM,Blackleaf,110011,0,542,0,31
25-035-21353-00-00,11/30/2007 12:00:00 AM,Blackleaf,110011,0,539,0,30
25-035-21353-00-00,10/31/2007 12:00:00 AM,Blackleaf,110011,0,580,0,31
25-035-21353-00-00,9/30/2007 12:00:00 AM,Blackleaf,110011,0,498,0,26
25-035-21353-00-00,8/31/2007 12:00:00 AM,Blackleaf,110011,0,569,0,31
25-035-21353-00-00,7/31/2007 12:00:00 AM,Blackleaf,110011,0,577,0,31
25-035-21353-00-00,6/30/2007 12:00:00 AM,Blackleaf,110011,0,553,0,30
25-035-21353-00-00,5/31/2007 12:00:00 AM,Blackleaf,110011,0,576,0,30
25-035-21353-00-00,4/30/2007 12:00:00 AM,Blackleaf,110011,0,568,0,30
25-035-21353-00-00,3/31/2007 12:00:00 AM,Blackleaf,110011,0,599,0,31
25-035-21353-00-00,2/28/2007 12:00:00 AM,Blackleaf,110011,0,532,0,28
25-035-21353-00-00,1/31/2007 12:00:00 AM,Blackleaf,110011,0,612,0,31
25-035-21353-00-00,12/31/2006 12:00:00 AM,Blackleaf,110011,0,609,0,31
25-035-21353-00-00,11/30/2006 12:00:00 AM,Blackleaf,110011,0,535,0,28
25-035-21353-00-00,10/31/2006 12:00:00 AM,Blackleaf,110011,0,611,0,31
25-035-21353-00-00,9/30/2006 12:00:00 AM,Blackleaf,110011,0,536,0,27
25-035-21353-00-00,8/31/2006 12:00:00 AM,Blackleaf,110011,0,600,0,31
25-035-21353-00-00,7/31/2006 12:00:00 AM,Blackleaf,110011,0,613,0,31
25-035-21353-00-00,6/30/2006 12:00:00 AM,Blackleaf,110011,0,571,0,30
25-035-21353-00-00,5/31/2006 12:00:00 AM,Blackleaf,110011,0,596,0,31
25-035-21353-00-00,4/30/2006 12:00:00 AM,Blackleaf,110011,0,584,0,30
25-035-21353-00-00,3/31/2006 12:00:00 AM,Blackleaf,110011,0,583,0,31
25-035-21353-00-00,2/28/2006 12:00:00 AM,Blackleaf,110011,0,541,0,28
25-035-21353-00-00,1/31/2006 12:00:00 AM,Blackleaf,110011,0,542,0,31
25-035-21353-00-00,12/31/2005 12:00:00 AM,Blackleaf,110011,0,615,0,31
25-035-21353-00-00,11/30/2005 12:00:00 AM,Blackleaf,110011,0,592,0,30
25-035-21353-00-00,10/31/2005 12:00:00 AM,Blackleaf,110011,0,642,0,31
25-035-21353-00-00,9/30/2005 12:00:00 AM,Blackleaf,110011,0,591,0,29
25-035-21353-00-00,8/31/2005 12:00:00 AM,Blackleaf,110011,0,627,0,31
25-035-21353-00-00,7/31/2005 12:00:00 AM,Blackleaf,110011,0,559,0,26
25-035-21353-00-00,6/30/2005 12:00:00 AM,Blackleaf,110011,0,618,0,30
25-035-21353-00-00,5/31/2005 12:00:00 AM,Blackleaf,110011,0,642,0,31
25-035-21353-00-00,4/30/2005 12:00:00 AM,Blackleaf,110011,0,619,0,30
25-035-21353-00-00,3/31/2005 12:00:00 AM,Blackleaf,110011,0,653,0,31
25-035-21353-00-00,2/28/2005 12:00:00 AM,Blackleaf,110011,0,581,0,28
25-035-21353-00-00,1/31/2005 12:00:00 AM,Blackleaf,110011,0,563,0,27
25-035-21353-00-00,12/31/2004 12:00:00 AM,Blackleaf,110011,0,637,0,29
25-035-21353-00-00,11/30/2004 12:00:00 AM,Blackleaf,110011,0,629,0,30
25-035-21353-00-00,10/31/2004 12:00:00 AM,Blackleaf,110011,0,641,0,29
25-035-21353-00-00,9/30/2004 12:00:00 AM,Blackleaf,110011,0,645,0,30
25-035-21353-00-00,8/31/2004 12:00:00 AM,Blackleaf,110011,0,391,0,31
25-035-21353-00-00,7/31/2004 12:00:00 AM,Blackleaf,110011,0,615,0,28
25-035-21353-00-00,6/30/2004 12:00:00 AM,Blackleaf,110011,0,659,0,30
25-035-21353-00-00,5/31/2004 12:00:00 AM,Blackleaf,110011,0,591,0,31
25-035-21353-00-00,4/30/2004 12:00:00 AM,Blackleaf,110011,0,407,0,29
25-035-21353-00-00,3/31/2004 12:00:00 AM,Blackleaf,110011,0,676,0,31
25-035-21353-00-00,2/29/2004 12:00:00 AM,Blackleaf,110011,0,634,0,29
25-035-21353-00-00,1/31/2004 12:00:00 AM,Blackleaf,110011,0,521,0,24
25-035-21353-00-00,12/31/2003 12:00:00 AM,Blackleaf,110011,0,681,0,31
25-035-21353-00-00,11/30/2003 12:00:00 AM,Blackleaf,110011,0,668,0,30
25-035-21353-00-00,10/31/2003 12:00:00 AM,Blackleaf,110011,0,676,0,31
25-035-21353-00-00,9/30/2003 12:00:00 AM,Blackleaf,110011,0,661,0,30
25-035-21353-00-00,8/31/2003 12:00:00 AM,Blackleaf,110011,0,697,0,31
25-035-21353-00-00,7/31/2003 12:00:00 AM,Blackleaf,110011,0,702,0,31
25-035-21353-00-00,6/30/2003 12:00:00 AM,Blackleaf,110011,0,636,0,28
25-035-21353-00-00,5/31/2003 12:00:00 AM,Blackleaf,110011,0,684,0,31
25-035-21353-00-00,4/30/2003 12:00:00 AM,Blackleaf,110011,0,685,0,30
25-035-21353-00-00,3/31/2003 12:00:00 AM,Blackleaf,110011,0,669,0,31
25-035-21353-00-00,2/28/2003 12:00:00 AM,Blackleaf,110011,0,1121,0,28
25-035-21353-00-00,1/31/2003 12:00:00 AM,Blackleaf,110011,0,681,0,31
25-035-21353-00-00,12/31/2002 12:00:00 AM,Blackleaf,110011,0,703,0,31
25-035-21353-00-00,11/30/2002 12:00:00 AM,Blackleaf,110011,0,688,0,30
25-035-21353-00-00,10/31/2002 12:00:00 AM,Blackleaf,110011,0,693,0,31
25-035-21353-00-00,9/30/2002 12:00:00 AM,Blackleaf,110011,0,680,0,30
25-035-21353-00-00,8/31/2002 12:00:00 AM,Blackleaf,110011,0,708,0,31
25-035-21353-00-00,7/31/2002 12:00:00 AM,Blackleaf,110011,0,731,0,31
25-035-21353-00-00,6/30/2002 12:00:00 AM,Blackleaf,110011,0,688,0,29
25-035-21353-00-00,5/31/2002 12:00:00 AM,Blackleaf,110011,0,537,0,22
25-035-21353-00-00,4/30/2002 12:00:00 AM,Blackleaf,110011,0,698,0,29
25-035-21353-00-00,3/31/2002 12:00:00 AM,Blackleaf,110011,0,595,0,24
25-035-21353-00-00,2/28/2002 12:00:00 AM,Blackleaf,110011,0,585,0,24
25-035-21353-00-00,1/31/2002 12:00:00 AM,Blackleaf,110011,0,748,0,31
25-035-21353-00-00,12/31/2001 12:00:00 AM,Blackleaf,110011,0,775,0,31
25-035-21353-00-00,11/30/2001 12:00:00 AM,Blackleaf,110011,0,756,0,30
25-035-21353-00-00,10/31/2001 12:00:00 AM,Blackleaf,110011,0,779,0,31
25-035-21353-00-00,9/30/2001 12:00:00 AM,Blackleaf,110011,0,609,0,24
25-035-21353-00-00,8/31/2001 12:00:00 AM,Blackleaf,110011,0,721,0,31
25-035-21353-00-00,7/31/2001 12:00:00 AM,Blackleaf,110011,0,398,0,15
25-035-21353-00-00,6/30/2001 12:00:00 AM,Blackleaf,110011,0,798,0,30
25-035-21353-00-00,5/31/2001 12:00:00 AM,Blackleaf,110011,0,593,0,22
25-035-21353-00-00,4/30/2001 12:00:00 AM,Blackleaf,110011,0,751,0,29
25-035-21353-00-00,3/31/2001 12:00:00 AM,Blackleaf,110011,0,782,0,30
25-035-21353-00-00,2/28/2001 12:00:00 AM,Blackleaf,110011,0,751,0,28
25-035-21353-00-00,1/31/2001 12:00:00 AM,Blackleaf,110011,0,832,0,31
25-035-21353-00-00,12/31/2000 12:00:00 AM,Blackleaf,110011,0,790,0,30
25-035-21353-00-00,11/30/2000 12:00:00 AM,Blackleaf,110011,0,787,0,29
25-035-21353-00-00,10/31/2000 12:00:00 AM,Blackleaf,110011,0,842,0,30
25-035-21353-00-00,9/30/2000 12:00:00 AM,Blackleaf,110011,0,805,0,30
25-035-21353-00-00,8/31/2000 12:00:00 AM,Blackleaf,110011,0,751,0,28
25-035-21353-00-00,7/31/2000 12:00:00 AM,Blackleaf,110011,0,853,0,31
25-035-21353-00-00,6/30/2000 12:00:00 AM,Blackleaf,110011,0,802,0,29
25-035-21353-00-00,5/31/2000 12:00:00 AM,Blackleaf,110011,0,628,0,22
25-035-21353-00-00,4/30/2000 12:00:00 AM,Blackleaf,110011,0,841,0,30
25-035-21353-00-00,3/31/2000 12:00:00 AM,Blackleaf,110011,0,873,0,31
25-035-21353-00-00,2/29/2000 12:00:00 AM,Blackleaf,110011,0,769,0,29
25-035-21353-00-00,1/31/2000 12:00:00 AM,Blackleaf,110011,0,814,0,30
25-035-21353-00-00,12/31/1999 12:00:00 AM,Blackleaf,110011,0,877,0,31
25-035-21353-00-00,11/30/1999 12:00:00 AM,Blackleaf,110011,0,826,0,30
25-035-21353-00-00,10/31/1999 12:00:00 AM,Blackleaf,110011,0,893,0,31
25-035-21353-00-00,9/30/1999 12:00:00 AM,Blackleaf,110011,0,834,0,30
25-035-21353-00-00,8/31/1999 12:00:00 AM,Blackleaf,110011,0,889,0,31
25-035-21353-00-00,7/31/1999 12:00:00 AM,Blackleaf,110011,0,895,0,31
25-035-21353-00-00,6/30/1999 12:00:00 AM,Blackleaf,110011,0,625,0,21
25-035-21353-00-00,5/31/1999 12:00:00 AM,Blackleaf,110011,0,865,0,31
25-035-21353-00-00,4/30/1999 12:00:00 AM,Blackleaf,110011,0,842,0,30
25-035-21353-00-00,3/31/1999 12:00:00 AM,Blackleaf,110011,0,889,0,31
25-035-21353-00-00,2/28/1999 12:00:00 AM,Blackleaf,110011,0,770,0,27
25-035-21353-00-00,1/31/1999 12:00:00 AM,Blackleaf,110011,0,900,0,30
25-035-21353-00-00,12/31/1998 12:00:00 AM,Blackleaf,110011,0,809,0,26
25-035-21353-00-00,11/30/1998 12:00:00 AM,Blackleaf,110011,0,864,0,29
25-035-21353-00-00,10/31/1998 12:00:00 AM,Blackleaf,110011,0,906,0,31
25-035-21353-00-00,9/30/1998 12:00:00 AM,Blackleaf,110011,0,910,0,30
25-035-21353-00-00,8/31/1998 12:00:00 AM,Blackleaf,110011,0,941,0,30
25-035-21353-00-00,7/31/1998 12:00:00 AM,Blackleaf,110011,0,996,0,31
25-035-21353-00-00,6/30/1998 12:00:00 AM,Blackleaf,110011,0,454,0,0
25-035-21353-00-00,5/31/1998 12:00:00 AM,Blackleaf,110011,0,952,0,31
25-035-21353-00-00,4/30/1998 12:00:00 AM,Blackleaf,110011,0,917,0,30
25-035-21353-00-00,3/31/1998 12:00:00 AM,Blackleaf,110011,0,969,0,31
25-035-21353-00-00,2/28/1998 12:00:00 AM,Blackleaf,110011,0,921,0,28
25-035-21353-00-00,1/31/1998 12:00:00 AM,Blackleaf,110011,0,906,0,27
25-035-21353-00-00,12/31/1997 12:00:00 AM,Blackleaf,110011,0,1019,0,31
25-035-21353-00-00,11/30/1997 12:00:00 AM,Blackleaf,110011,0,1022,0,30
25-035-21353-00-00,10/31/1997 12:00:00 AM,Blackleaf,110011,0,853,0,24
25-035-21353-00-00,9/30/1997 12:00:00 AM,Blackleaf,110011,0,904,0,27
25-035-21353-00-00,8/31/1997 12:00:00 AM,Blackleaf,110011,0,1035,0,30
25-035-21353-00-00,7/31/1997 12:00:00 AM,Blackleaf,110011,0,317,0,8
25-035-21353-00-00,6/30/1997 12:00:00 AM,Blackleaf,110011,0,238,0,7
25-035-21353-00-00,5/31/1997 12:00:00 AM,Blackleaf,110011,0,976,0,28
25-035-21353-00-00,4/30/1997 12:00:00 AM,Blackleaf,110011,0,967,0,29
25-035-21353-00-00,3/31/1997 12:00:00 AM,Blackleaf,110011,0,1027,0,30
25-035-21353-00-00,2/28/1997 12:00:00 AM,Blackleaf,110011,0,799,0,23
25-035-21353-00-00,1/31/1997 12:00:00 AM,Blackleaf,110011,0,883,0,25
25-035-21353-00-00,12/31/1996 12:00:00 AM,Blackleaf,110011,0,738,0,20
25-035-21353-00-00,11/30/1996 12:00:00 AM,Blackleaf,110011,0,589,0,18
25-035-21353-00-00,10/31/1996 12:00:00 AM,Blackleaf,110011,0,1017,0,29
25-035-21353-00-00,9/30/1996 12:00:00 AM,Blackleaf,110011,0,988,0,27
25-035-21353-00-00,8/31/1996 12:00:00 AM,Blackleaf,110011,0,1080,0,30
25-035-21353-00-00,7/31/1996 12:00:00 AM,Blackleaf,110011,0,1135,0,31
25-035-21353-00-00,6/30/1996 12:00:00 AM,Blackleaf,110011,0,510,0,13
25-035-21353-00-00,5/31/1996 12:00:00 AM,Blackleaf,110011,0,1101,0,31
25-035-21353-00-00,4/30/1996 12:00:00 AM,Blackleaf,110011,0,1034,0,28
25-035-21353-00-00,3/31/1996 12:00:00 AM,Blackleaf,110011,0,1108,0,30
25-035-21353-00-00,2/29/1996 12:00:00 AM,Blackleaf,110011,0,807,0,21
25-035-21353-00-00,1/31/1996 12:00:00 AM,Blackleaf,110011,0,989,0,27
25-035-21353-00-00,12/31/1995 12:00:00 AM,Blackleaf,110011,0,1100,0,29
25-035-21353-00-00,11/30/1995 12:00:00 AM,Blackleaf,110011,0,1092,0,29
25-035-21353-00-00,10/31/1995 12:00:00 AM,Blackleaf,110011,0,958,0,25
25-035-21353-00-00,9/30/1995 12:00:00 AM,Blackleaf,110011,0,1128,0,30
25-035-21353-00-00,8/31/1995 12:00:00 AM,Blackleaf,110011,0,1151,0,30
25-035-21353-00-00,7/31/1995 12:00:00 AM,Blackleaf,110011,0,1221,0,30
25-035-21353-00-00,6/30/1995 12:00:00 AM,Blackleaf,110011,0,481,0,12
25-035-21353-00-00,5/31/1995 12:00:00 AM,Blackleaf,110011,0,1184,0,31
25-035-21353-00-00,4/30/1995 12:00:00 AM,Blackleaf,110011,0,1145,0,30
25-035-21353-00-00,3/31/1995 12:00:00 AM,Blackleaf,110011,0,1214,0,31
25-035-21353-00-00,2/28/1995 12:00:00 AM,Blackleaf,110011,0,1087,0,27
25-035-21353-00-00,1/31/1995 12:00:00 AM,Blackleaf,110011,0,1167,0,29
25-035-21353-00-00,12/31/1994 12:00:00 AM,Blackleaf,110011,0,1068,0,26
25-035-21353-00-00,11/30/1994 12:00:00 AM,Blackleaf,110011,0,1189,0,29
25-035-21353-00-00,10/31/1994 12:00:00 AM,Blackleaf,110011,0,1120,0,27
25-035-21353-00-00,9/30/1994 12:00:00 AM,Blackleaf,110011,0,1233,0,30
25-035-21353-00-00,8/31/1994 12:00:00 AM,Blackleaf,110011,0,1297,0,31
25-035-21353-00-00,7/31/1994 12:00:00 AM,Blackleaf,110011,0,1336,0,31
25-035-21353-00-00,6/30/1994 12:00:00 AM,Blackleaf,110011,0,557,0,12
25-035-21353-00-00,5/31/1994 12:00:00 AM,Blackleaf,110011,0,1260,0,29
25-035-21353-00-00,4/30/1994 12:00:00 AM,Blackleaf,110011,0,1266,0,29
25-035-21353-00-00,3/31/1994 12:00:00 AM,Blackleaf,110011,0,1331,0,30
25-035-21353-00-00,2/28/1994 12:00:00 AM,Blackleaf,110011,0,1057,0,24
25-035-21353-00-00,1/31/1994 12:00:00 AM,Blackleaf,110011,0,1380,0,31
25-035-21353-00-00,12/31/1993 12:00:00 AM,Blackleaf,110011,0,1356,0,30
25-035-21353-00-00,11/30/1993 12:00:00 AM,Blackleaf,110011,0,1354,0,30
25-035-21353-00-00,10/31/1993 12:00:00 AM,Blackleaf,110011,0,1287,0,28
25-035-21353-00-00,9/30/1993 12:00:00 AM,Blackleaf,110011,0,1333,0,29
25-035-21353-00-00,8/31/1993 12:00:00 AM,Blackleaf,110011,0,1410,0,30
25-035-21353-00-00,7/31/1993 12:00:00 AM,Blackleaf,110011,0,1347,0,28
25-035-21353-00-00,6/30/1993 12:00:00 AM,Blackleaf,110011,0,697,0,14
25-035-21353-00-00,5/31/1993 12:00:00 AM,Blackleaf,110011,0,712,0,14
25-035-21353-00-00,4/30/1993 12:00:00 AM,Blackleaf,110011,0,1346,0,29
25-035-21353-00-00,3/31/1993 12:00:00 AM,Blackleaf,110011,0,1383,0,29
25-035-21353-00-00,2/28/1993 12:00:00 AM,Blackleaf,110011,0,1323,0,27
25-035-21353-00-00,1/31/1993 12:00:00 AM,Blackleaf,110011,0,1369,0,29
25-035-21353-00-00,12/31/1992 12:00:00 AM,Blackleaf,110011,0,1441,0,31
25-035-21353-00-00,11/30/1992 12:00:00 AM,Blackleaf,110011,0,1361,0,27
25-035-21353-00-00,10/31/1992 12:00:00 AM,Blackleaf,110011,0,1318,0,27
25-035-21353-00-00,9/30/1992 12:00:00 AM,Blackleaf,110011,0,1505,0,28
25-035-21353-00-00,8/31/1992 12:00:00 AM,Blackleaf,110011,0,1092,0,21
25-035-21353-00-00,7/31/1992 12:00:00 AM,Blackleaf,110011,0,1299,0,24
25-035-21353-00-00,6/30/1992 12:00:00 AM,Blackleaf,110011,0,28,0,1
25-035-21353-00-00,5/31/1992 12:00:00 AM,Blackleaf,110011,0,1521,0,31
25-035-21353-00-00,4/30/1992 12:00:00 AM,Blackleaf,110011,0,1452,0,30
25-035-21353-00-00,3/31/1992 12:00:00 AM,Blackleaf,110011,0,1322,0,26
25-035-21353-00-00,2/29/1992 12:00:00 AM,Blackleaf,110011,0,1462,0,29
25-035-21353-00-00,1/31/1992 12:00:00 AM,Blackleaf,110011,0,1564,0,30
25-035-21353-00-00,12/31/1991 12:00:00 AM,Blackleaf,110011,0,1375,0,26
25-035-21353-00-00,11/30/1991 12:00:00 AM,Blackleaf,110011,0,1587,0,28
25-035-21353-00-00,10/31/1991 12:00:00 AM,Blackleaf,110011,0,1487,0,27
25-035-21353-00-00,9/30/1991 12:00:00 AM,Blackleaf,110011,0,1618,0,29
25-035-21353-00-00,8/31/1991 12:00:00 AM,Blackleaf,110011,0,1643,0,29
25-035-21353-00-00,7/31/1991 12:00:00 AM,Blackleaf,110011,0,1264,0,23
25-035-21353-00-00,6/30/1991 12:00:00 AM,Blackleaf,110011,0,1630,0,29
25-035-21353-00-00,5/31/1991 12:00:00 AM,Blackleaf,110011,0,1712,0,30
25-035-21353-00-00,4/30/1991 12:00:00 AM,Blackleaf,110011,0,1703,0,29
25-035-21353-00-00,3/31/1991 12:00:00 AM,Blackleaf,110011,0,1894,0,30
25-035-21353-00-00,2/28/1991 12:00:00 AM,Blackleaf,110011,0,1755,0,28
25-035-21353-00-00,1/31/1991 12:00:00 AM,Blackleaf,110011,0,1505,0,22
25-035-21353-00-00,12/31/1990 12:00:00 AM,Blackleaf,110011,0,1408,0,21
25-035-21353-00-00,11/30/1990 12:00:00 AM,Blackleaf,110011,0,1915,0,29
25-035-21353-00-00,10/31/1990 12:00:00 AM,Blackleaf,110011,0,2038,0,30
25-035-21353-00-00,9/30/1990 12:00:00 AM,Blackleaf,110011,0,821,0,11
25-035-21353-00-00,5/31/1990 12:00:00 AM,Blackleaf,110011,0,10,0,0
25-035-21353-00-00,4/30/1990 12:00:00 AM,Blackleaf,110011,0,1781,0,30
25-035-21353-00-00,3/31/1990 12:00:00 AM,Blackleaf,110011,0,1767,0,29
25-035-21353-00-00,2/28/1990 12:00:00 AM,Blackleaf,110011,0,1624,0,24
25-035-21353-00-00,1/31/1990 12:00:00 AM,Blackleaf,110011,0,1926,0,31
25-035-21353-00-00,12/31/1989 12:00:00 AM,Blackleaf,110011,0,1838,0,29
25-035-21353-00-00,11/30/1989 12:00:00 AM,Blackleaf,110011,0,1896,0,28
25-035-21353-00-00,10/31/1989 12:00:00 AM,Blackleaf,110011,0,2061,0,31
25-035-21353-00-00,9/30/1989 12:00:00 AM,Blackleaf,110011,0,1963,0,29
25-035-21353-00-00,8/31/1989 12:00:00 AM,Blackleaf,110011,0,2317,0,31
25-035-21353-00-00,7/31/1989 12:00:00 AM,Blackleaf,110011,0,95,0,1
25-035-21353-00-00,5/31/1989 12:00:00 AM,Blackleaf,110011,0,1593,0,24
25-035-21353-00-00,4/30/1989 12:00:00 AM,Blackleaf,110011,0,1925,0,28
25-035-21353-00-00,3/31/1989 12:00:00 AM,Blackleaf,110011,0,2146,0,31
25-035-21353-00-00,2/28/1989 12:00:00 AM,Blackleaf,110011,0,1760,0,26
25-035-21353-00-00,1/31/1989 12:00:00 AM,Blackleaf,110011,0,2066,0,29
25-035-21353-00-00,12/31/1988 12:00:00 AM,Blackleaf,110011,0,2241,0,31
25-035-21353-00-00,11/30/1988 12:00:00 AM,Blackleaf,110011,0,2214,0,30
25-035-21353-00-00,10/31/1988 12:00:00 AM,Blackleaf,110011,0,1885,0,25
25-035-21353-00-00,9/30/1988 12:00:00 AM,Blackleaf,110011,0,2354,0,30
25-035-21353-00-00,8/31/1988 12:00:00 AM,Blackleaf,110011,0,266,0,3
25-035-21353-00-00,7/31/1988 12:00:00 AM,Blackleaf,110011,0,389,0,5
25-035-21353-00-00,6/30/1988 12:00:00 AM,Blackleaf,110011,0,2208,0,30
25-035-21353-00-00,5/31/1988 12:00:00 AM,Blackleaf,110011,0,2366,0,30
25-035-21353-00-00,4/30/1988 12:00:00 AM,Blackleaf,110011,0,2405,0,30
25-035-21353-00-00,3/31/1988 12:00:00 AM,Blackleaf,110011,0,2401,0,31
25-035-21353-00-00,2/29/1988 12:00:00 AM,Blackleaf,110011,0,2273,0,28
25-035-21353-00-00,1/31/1988 12:00:00 AM,Blackleaf,110011,0,2579,0,31
25-035-21353-00-00,12/31/1987 12:00:00 AM,Blackleaf,110011,0,2547,0,30
25-035-21353-00-00,11/30/1987 12:00:00 AM,Blackleaf,110011,0,2646,0,30
25-035-21353-00-00,10/31/1987 12:00:00 AM,Blackleaf,110011,0,2002,0,20
25-035-21353-00-00,9/30/1987 12:00:00 AM,Blackleaf,110011,0,285,0,3
25-035-21353-00-00,8/31/1987 12:00:00 AM,Blackleaf,110011,0,410,0,8
25-035-21353-00-00,7/31/1987 12:00:00 AM,Blackleaf,110011,0,170,0,2
25-035-21353-00-00,6/30/1987 12:00:00 AM,Blackleaf,110011,0,1436,0,16
25-035-21353-00-00,5/31/1987 12:00:00 AM,Blackleaf,110011,0,1758,0,20
25-035-21353-00-00,4/30/1987 12:00:00 AM,Blackleaf,110011,0,2591,0,30
25-035-21353-00-00,3/31/1987 12:00:00 AM,Blackleaf,110011,0,2427,0,29
25-035-21353-00-00,2/28/1987 12:00:00 AM,Blackleaf,110011,0,2332,0,27
25-035-21353-00-00,1/31/1987 12:00:00 AM,Blackleaf,110011,0,2480,0,30
25-035-21353-00-00,12/31/1986 12:00:00 AM,Blackleaf,110011,0,2652,0,30
25-035-21353-00-00,11/30/1986 12:00:00 AM,Blackleaf,110011,0,2168,0,23
25-035-21353-00-00,10/31/1986 12:00:00 AM,Blackleaf,110011,0,2728,0,29
25-035-21353-00-00,9/30/1986 12:00:00 AM,Blackleaf,110011,0,2860,0,33
25-035-21353-00-00,8/31/1986 12:00:00 AM,Blackleaf,110011,0,2778,0,30
25-035-21353-00-00,7/31/1986 12:00:00 AM,Blackleaf,110011,0,3336,0,35
25-035-21353-00-00,6/30/1986 12:00:00 AM,Blackleaf,110011,0,1949,0,20
25-035-21353-00-00,5/31/1986 12:00:00 AM,Blackleaf,110011,0,2781,0,28
25-035-21353-00-00,4/30/1986 12:00:00 AM,Blackleaf,110011,0,2955,0,30
25-035-21353-00-00,3/31/1986 12:00:00 AM,Blackleaf,110011,0,3086,0,31
25-035-21353-00-00,2/28/1986 12:00:00 AM,Blackleaf,110011,0,2761,0,27
25-035-21353-00-00,1/31/1986 12:00:00 AM,Blackleaf,110011,0,3228,0,31
