"API_WellNo","CoName","Well_Nm","Well_Type","Wl_Status","County","Field","WH_TR","WH_Sec",
"25073215810000","Petrox Petroleum Company","AAKRE 6","Oil","Producing","Pondera","Pondera","27N-4W","5",

"API_WellNo","RptDate","Formation","Lease_Unit","BBLS_OIL_COND","MCF_GAS","BBLS_WTR","DAYS_PROD",
"25-073-21581-00-00","7/31/2025 12:00:00 AM","Madison","26","42","0","3777","31",
"25-073-21581-00-00","6/30/2025 12:00:00 AM","Madison","26","41","0","3753","30",
"25-073-21581-00-00","5/31/2025 12:00:00 AM","Madison","26","44","0","3904","31",
"25-073-21581-00-00","4/30/2025 12:00:00 AM","Madison","26","42","0","3835","30",
"25-073-21581-00-00","3/31/2025 12:00:00 AM","Madison","26","46","0","3877","31",
"25-073-21581-00-00","2/28/2025 12:00:00 AM","Madison","26","24","0","2172","16",
"25-073-21581-00-00","1/31/2025 12:00:00 AM","Madison","26","42","0","3763","31",
"25-073-21581-00-00","12/31/2024 12:00:00 AM","Madison","26","42","0","3833","31",
"25-073-21581-00-00","11/30/2024 12:00:00 AM","Madison","26","39","0","3608","30",
"25-073-21581-00-00","10/31/2024 12:00:00 AM","Madison","26","44","0","3915","31",
"25-073-21581-00-00","9/30/2024 12:00:00 AM","Madison","26","40","0","3827","30",
"25-073-21581-00-00","8/31/2024 12:00:00 AM","Madison","26","43","0","4171","31",
"25-073-21581-00-00","7/31/2024 12:00:00 AM","Madison","26","43","0","4209","31",
"25-073-21581-00-00","6/30/2024 12:00:00 AM","Madison","26","41","0","4050","30",
"25-073-21581-00-00","5/31/2024 12:00:00 AM","Madison","26","42","0","4735","31",
"25-073-21581-00-00","4/30/2024 12:00:00 AM","Madison","26","40","0","3641","30",
"25-073-21581-00-00","3/31/2024 12:00:00 AM","Madison","26","44","0","3799","31",
"25-073-21581-00-00","2/29/2024 12:00:00 AM","Madison","26","43","0","3172","29",
"25-073-21581-00-00","1/31/2024 12:00:00 AM","Madison","26","31","0","3879","25",
"25-073-21581-00-00","12/31/2023 12:00:00 AM","Madison","26","44","0","4110","31",
"25-073-21581-00-00","11/30/2023 12:00:00 AM","Madison","26","44","0","3997","30",
"25-073-21581-00-00","10/31/2023 12:00:00 AM","Madison","26","21","0","2076","31",
"25-073-21581-00-00","9/30/2023 12:00:00 AM","Madison","26","40","0","4369","30",
"25-073-21581-00-00","8/31/2023 12:00:00 AM","Madison","26","36","0","3682","31",
"25-073-21581-00-00","7/31/2023 12:00:00 AM","Madison","26","40","0","3863","31",
"25-073-21581-00-00","6/30/2023 12:00:00 AM","Madison","26","41","0","4099","31",
"25-073-21581-00-00","5/31/2023 12:00:00 AM","Madison","26","44","0","4633","31",
"25-073-21581-00-00","4/30/2023 12:00:00 AM","Madison","26","40","0","3993","30",
"25-073-21581-00-00","3/31/2023 12:00:00 AM","Madison","26","44","0","4592","31",
"25-073-21581-00-00","2/28/2023 12:00:00 AM","Madison","26","43","0","4257","28",
"25-073-21581-00-00","1/31/2023 12:00:00 AM","Madison","26","45","0","4320","31",
"25-073-21581-00-00","12/31/2022 12:00:00 AM","Madison","26","39","0","3580","31",
"25-073-21581-00-00","11/30/2022 12:00:00 AM","Madison","26","38","0","3629","30",
"25-073-21581-00-00","10/31/2022 12:00:00 AM","Madison","26","44","0","3788","31",
"25-073-21581-00-00","9/30/2022 12:00:00 AM","Madison","26","40","0","3651","30",
"25-073-21581-00-00","8/31/2022 12:00:00 AM","Madison","26","43","0","3730","31",
"25-073-21581-00-00","7/31/2022 12:00:00 AM","Madison","26","42","0","3875","31",
"25-073-21581-00-00","6/30/2022 12:00:00 AM","Madison","26","41","0","3758","30",
"25-073-21581-00-00","5/31/2022 12:00:00 AM","Madison","26","45","0","4020","31",
"25-073-21581-00-00","4/30/2022 12:00:00 AM","Madison","26","44","0","4464","30",
"25-073-21581-00-00","3/31/2022 12:00:00 AM","Madison","26","46","0","5021","31",
"25-073-21581-00-00","2/28/2022 12:00:00 AM","Madison","26","43","0","4523","28",
"25-073-21581-00-00","1/31/2022 12:00:00 AM","Madison","26","46","0","4836","31",
"25-073-21581-00-00","12/31/2021 12:00:00 AM","Madison","26","42","0","4528","31",
"25-073-21581-00-00","11/30/2021 12:00:00 AM","Madison","26","42","0","4244","30",
"25-073-21581-00-00","10/31/2021 12:00:00 AM","Madison","26","38","0","4207","31",
"25-073-21581-00-00","9/30/2021 12:00:00 AM","Madison","26","43","0","4244","30",
"25-073-21581-00-00","8/31/2021 12:00:00 AM","Madison","26","45","0","4292","31",
"25-073-21581-00-00","7/31/2021 12:00:00 AM","Madison","26","42","0","3897","31",
"25-073-21581-00-00","6/30/2021 12:00:00 AM","Madison","26","43","0","3759","30",
"25-073-21581-00-00","5/31/2021 12:00:00 AM","Madison","26","45","0","3815","31",
"25-073-21581-00-00","4/30/2021 12:00:00 AM","Madison","26","52","0","4493","30",
"25-073-21581-00-00","3/31/2021 12:00:00 AM","Madison","26","47","0","4039","31",
"25-073-21581-00-00","2/28/2021 12:00:00 AM","Madison","26","49","0","4130","28",
"25-073-21581-00-00","1/31/2021 12:00:00 AM","Madison","26","60","0","5486","31",
"25-073-21581-00-00","12/31/2020 12:00:00 AM","Madison","26","50","0","3649","31",
"25-073-21581-00-00","11/30/2020 12:00:00 AM","Madison","26","30","0","3647","30",
"25-073-21581-00-00","10/31/2020 12:00:00 AM","Madison","26","35","0","3714","31",
"25-073-21581-00-00","9/30/2020 12:00:00 AM","Madison","26","35","0","3800","30",
"25-073-21581-00-00","8/31/2020 12:00:00 AM","Madison","26","38","0","4010","31",
"25-073-21581-00-00","7/31/2020 12:00:00 AM","Madison","26","36","0","5236","31",
"25-073-21581-00-00","6/30/2020 12:00:00 AM","Madison","26","32","0","2129","30",
"25-073-21581-00-00","5/31/2020 12:00:00 AM","Madison","26","36","0","3690","31",
"25-073-21581-00-00","4/30/2020 12:00:00 AM","Madison","26","52","0","3599","28",
"25-073-21581-00-00","3/31/2020 12:00:00 AM","Madison","26","32","0","3879","30",
"25-073-21581-00-00","2/29/2020 12:00:00 AM","Madison","26","39","0","4722","29",
"25-073-21581-00-00","1/31/2020 12:00:00 AM","Madison","26","41","0","5081","31",
"25-073-21581-00-00","12/31/2019 12:00:00 AM","Madison","26","40","0","5466","31",
"25-073-21581-00-00","11/30/2019 12:00:00 AM","Madison","26","38","0","4795","30",
"25-073-21581-00-00","10/31/2019 12:00:00 AM","Madison","26","37","0","4987","31",
"25-073-21581-00-00","9/30/2019 12:00:00 AM","Madison","26","33","0","4933","30",
"25-073-21581-00-00","8/31/2019 12:00:00 AM","Madison","26","32","0","4022","29",
"25-073-21581-00-00","7/31/2019 12:00:00 AM","Madison","26","38","0","4672","31",
"25-073-21581-00-00","6/30/2019 12:00:00 AM","Madison","26","35","0","3827","30",
"25-073-21581-00-00","5/31/2019 12:00:00 AM","Madison","26","38","0","4141","31",
"25-073-21581-00-00","4/30/2019 12:00:00 AM","Madison","26","42","0","4581","30",
"25-073-21581-00-00","3/31/2019 12:00:00 AM","Madison","26","57","0","4813","31",
"25-073-21581-00-00","2/28/2019 12:00:00 AM","Madison","26","43","0","1847","28",
"25-073-21581-00-00","1/31/2019 12:00:00 AM","Madison","26","46","0","1918","31",
"25-073-21581-00-00","12/31/2018 12:00:00 AM","Madison","26","42","0","1684","31",
"25-073-21581-00-00","11/30/2018 12:00:00 AM","Madison","26","41","0","3790","30",
"25-073-21581-00-00","10/31/2018 12:00:00 AM","Madison","26","37","0","3728","31",
"25-073-21581-00-00","9/30/2018 12:00:00 AM","Madison","26","55","0","4695","30",
"25-073-21581-00-00","8/31/2018 12:00:00 AM","Madison","26","48","0","4131","31",
"25-073-21581-00-00","7/31/2018 12:00:00 AM","Madison","26","37","0","4151","30",
"25-073-21581-00-00","6/30/2018 12:00:00 AM","Madison","26","41","0","3927","29",
"25-073-21581-00-00","5/31/2018 12:00:00 AM","Madison","26","39","0","3914","31",
"25-073-21581-00-00","4/30/2018 12:00:00 AM","Madison","26","43","0","4364","30",
"25-073-21581-00-00","3/31/2018 12:00:00 AM","Madison","26","46","0","4123","31",
"25-073-21581-00-00","2/28/2018 12:00:00 AM","Madison","26","45","0","3724","28",
"25-073-21581-00-00","1/31/2018 12:00:00 AM","Madison","26","62","0","4830","31",
"25-073-21581-00-00","12/31/2017 12:00:00 AM","Madison","26","84","0","6604","31",
"25-073-21581-00-00","11/30/2017 12:00:00 AM","Madison","26","80","0","0","30",
"25-073-21581-00-00","10/31/2017 12:00:00 AM","Madison","26","62","0","2388","31",
"25-073-21581-00-00","9/30/2017 12:00:00 AM","Madison","26","51","0","4213","30",
"25-073-21581-00-00","8/31/2017 12:00:00 AM","Madison","26","53","0","4488","31",
"25-073-21581-00-00","7/31/2017 12:00:00 AM","Madison","26","54","0","4525","31",
"25-073-21581-00-00","6/30/2017 12:00:00 AM","Madison","26","39","0","3505","30",
"25-073-21581-00-00","5/31/2017 12:00:00 AM","Madison","26","52","0","4338","31",
"25-073-21581-00-00","4/30/2017 12:00:00 AM","Madison","26","43","0","3985","30",
"25-073-21581-00-00","3/31/2017 12:00:00 AM","Madison","26","49","0","3965","31",
"25-073-21581-00-00","2/28/2017 12:00:00 AM","Madison","26","33","0","2859","28",
"25-073-21581-00-00","1/31/2017 12:00:00 AM","Madison","26","38","0","3220","31",
"25-073-21581-00-00","12/31/2016 12:00:00 AM","Madison","26","70","0","3531","31",
"25-073-21581-00-00","11/30/2016 12:00:00 AM","Madison","26","37","0","3996","30",
"25-073-21581-00-00","10/31/2016 12:00:00 AM","Madison","26","31","0","3980","31",
"25-073-21581-00-00","9/30/2016 12:00:00 AM","Madison","26","47","0","4795","29",
"25-073-21581-00-00","8/31/2016 12:00:00 AM","Madison","26","22","0","5730","31",
"25-073-21581-00-00","7/31/2016 12:00:00 AM","Madison","26","54","0","5521","31",
"25-073-21581-00-00","6/30/2016 12:00:00 AM","Madison","26","52","0","4262","30",
"25-073-21581-00-00","5/31/2016 12:00:00 AM","Madison","26","60","0","4208","31",
"25-073-21581-00-00","4/30/2016 12:00:00 AM","Madison","26","54","0","4223","30",
"25-073-21581-00-00","3/31/2016 12:00:00 AM","Madison","26","53","0","4619","31",
"25-073-21581-00-00","2/29/2016 12:00:00 AM","Madison","26","54","0","4310","29",
"25-073-21581-00-00","1/31/2016 12:00:00 AM","Madison","26","47","0","0","31",
"25-073-21581-00-00","12/31/2015 12:00:00 AM","Madison","26","53","0","4032","31",
"25-073-21581-00-00","11/30/2015 12:00:00 AM","Madison","26","8","0","1062","14",
"25-073-21581-00-00","10/31/2015 12:00:00 AM","Madison","26","28","0","1452","14",
"25-073-21581-00-00","9/30/2015 12:00:00 AM","Madison","26","51","0","4126","30",
"25-073-21581-00-00","8/31/2015 12:00:00 AM","Madison","26","52","0","4168","31",
"25-073-21581-00-00","7/31/2015 12:00:00 AM","Madison","26","38","0","3168","31",
"25-073-21581-00-00","6/30/2015 12:00:00 AM","Madison","26","48","0","4423","30",
"25-073-21581-00-00","5/31/2015 12:00:00 AM","Madison","26","16","0","3959","31",
"25-073-21581-00-00","4/30/2015 12:00:00 AM","Madison","26","39","0","3654","30",
"25-073-21581-00-00","3/31/2015 12:00:00 AM","Madison","26","39","0","3799","31",
"25-073-21581-00-00","2/28/2015 12:00:00 AM","Madison","26","39","0","3437","28",
"25-073-21581-00-00","1/31/2015 12:00:00 AM","Madison","26","42","0","3556","31",
"25-073-21581-00-00","12/31/2014 12:00:00 AM","Madison","26","38","0","3590","31",
"25-073-21581-00-00","11/30/2014 12:00:00 AM","Madison","26","43","0","3382","30",
"25-073-21581-00-00","10/31/2014 12:00:00 AM","Madison","26","42","0","3652","31",
"25-073-21581-00-00","9/30/2014 12:00:00 AM","Madison","26","16","0","3540","30",
"25-073-21581-00-00","8/31/2014 12:00:00 AM","Madison","26","93","0","3887","31",
"25-073-21581-00-00","7/31/2014 12:00:00 AM","Madison","26","48","0","4048","31",
"25-073-21581-00-00","6/30/2014 12:00:00 AM","Madison","26","44","0","3676","30",
"25-073-21581-00-00","5/31/2014 12:00:00 AM","Madison","26","36","0","3858","31",
"25-073-21581-00-00","4/30/2014 12:00:00 AM","Madison","26","43","0","3016","27",
"25-073-21581-00-00","3/31/2014 12:00:00 AM","Madison","26","50","0","3689","31",
"25-073-21581-00-00","2/28/2014 12:00:00 AM","Madison","26","36","0","3693","28",
"25-073-21581-00-00","1/31/2014 12:00:00 AM","Madison","26","41","0","3954","31",
"25-073-21581-00-00","12/31/2013 12:00:00 AM","Madison","26","39","0","3788","31",
"25-073-21581-00-00","11/30/2013 12:00:00 AM","Madison","26","46","0","2923","25",
"25-073-21581-00-00","10/31/2013 12:00:00 AM","Madison","26","30","0","3563","31",
"25-073-21581-00-00","9/30/2013 12:00:00 AM","Madison","26","46","0","3505","30",
"25-073-21581-00-00","8/31/2013 12:00:00 AM","Madison","26","80","0","4596","31",
"25-073-21581-00-00","7/31/2013 12:00:00 AM","Madison","26","23","0","4110","31",
"25-073-21581-00-00","6/30/2013 12:00:00 AM","Madison","26","46","0","4622","30",
"25-073-21581-00-00","5/31/2013 12:00:00 AM","Madison","26","55","0","4259","31",
"25-073-21581-00-00","4/30/2013 12:00:00 AM","Madison","26","43","0","3363","30",
"25-073-21581-00-00","3/31/2013 12:00:00 AM","Madison","26","32","0","2869","26",
"25-073-21581-00-00","2/28/2013 12:00:00 AM","Madison","26","36","0","3270","28",
"25-073-21581-00-00","1/31/2013 12:00:00 AM","Madison","26","44","0","3514","31",
"25-073-21581-00-00","12/31/2012 12:00:00 AM","Madison","26","43","0","3681","31",
"25-073-21581-00-00","11/30/2012 12:00:00 AM","Madison","26","48","0","3218","30",
"25-073-21581-00-00","10/31/2012 12:00:00 AM","Madison","26","44","0","3342","31",
"25-073-21581-00-00","9/30/2012 12:00:00 AM","Madison","26","30","0","2685","24",
"25-073-21581-00-00","8/31/2012 12:00:00 AM","Madison","26","36","0","3149","28",
"25-073-21581-00-00","7/31/2012 12:00:00 AM","Madison","26","43","0","3311","31",
"25-073-21581-00-00","6/30/2012 12:00:00 AM","Madison","26","40","0","2970","28",
"25-073-21581-00-00","5/31/2012 12:00:00 AM","Madison","26","43","0","3537","31",
"25-073-21581-00-00","4/30/2012 12:00:00 AM","Madison","26","42","0","3468","30",
"25-073-21581-00-00","3/31/2012 12:00:00 AM","Madison","26","44","0","3759","31",
"25-073-21581-00-00","2/29/2012 12:00:00 AM","Madison","26","40","0","3251","29",
"25-073-21581-00-00","1/31/2012 12:00:00 AM","Madison","26","40","0","3334","31",
"25-073-21581-00-00","12/31/2011 12:00:00 AM","Madison","26","58","0","3063","31",
"25-073-21581-00-00","11/30/2011 12:00:00 AM","Madison","26","58","0","2734","30",
"25-073-21581-00-00","10/31/2011 12:00:00 AM","Madison","26","11","0","1915","25",
"25-073-21581-00-00","9/30/2011 12:00:00 AM","Madison","26","38","0","1932","0",
"25-073-21581-00-00","8/31/2011 12:00:00 AM","Madison","26","17","0","1205","16",
"25-073-21581-00-00","7/31/2011 12:00:00 AM","Madison","26","17","0","1360","18",
"25-073-21581-00-00","6/30/2011 12:00:00 AM","Madison","26","32","0","2374","30",
"25-073-21581-00-00","5/31/2011 12:00:00 AM","Madison","26","41","0","2444","31",
"25-073-21581-00-00","4/30/2011 12:00:00 AM","Madison","26","29","0","2280","30",
"25-073-21581-00-00","3/31/2011 12:00:00 AM","Madison","26","56","0","2286","31",
"25-073-21581-00-00","2/28/2011 12:00:00 AM","Madison","26","43","0","1887","28",
"25-073-21581-00-00","1/31/2011 12:00:00 AM","Madison","26","26","0","2481","31",
"25-073-21581-00-00","12/31/2010 12:00:00 AM","Madison","26","52","0","2616","31",
"25-073-21581-00-00","11/30/2010 12:00:00 AM","Madison","26","0","0","0","1",
"25-073-21581-00-00","10/31/2010 12:00:00 AM","Madison","26","24","0","2442","31",
"25-073-21581-00-00","9/30/2010 12:00:00 AM","Madison","26","50","0","2341","30",
"25-073-21581-00-00","8/31/2010 12:00:00 AM","Madison","26","10","0","1130","15",
"25-073-21581-00-00","7/31/2010 12:00:00 AM","Madison","26","47","0","2415","31",
"25-073-21581-00-00","6/30/2010 12:00:00 AM","Madison","26","20","0","2262","28",
"25-073-21581-00-00","5/31/2010 12:00:00 AM","Madison","26","52","0","1937","31",
"25-073-21581-00-00","4/30/2010 12:00:00 AM","Madison","26","25","0","1715","29",
"25-073-21581-00-00","3/31/2010 12:00:00 AM","Madison","26","23","0","2016","31",
"25-073-21581-00-00","2/28/2010 12:00:00 AM","Madison","26","14","0","1320","28",
"25-073-21581-00-00","1/31/2010 12:00:00 AM","Madison","26","15","0","0","31",
"25-073-21581-00-00","12/31/2009 12:00:00 AM","Madison","26","20","0","674","15",
"25-073-21581-00-00","11/30/2009 12:00:00 AM","Madison","26","25","0","685","30",
"25-073-21581-00-00","10/31/2009 12:00:00 AM","Madison","26","60","0","1665","31",
"25-073-21581-00-00","9/30/2009 12:00:00 AM","Madison","26","3","0","97","6",
"25-073-21581-00-00","8/31/2009 12:00:00 AM","Madison","26","78","0","476","31",
"25-073-21581-00-00","7/31/2009 12:00:00 AM","Madison","26","48","0","851","31",
"25-073-21581-00-00","6/30/2009 12:00:00 AM","Madison","26","404","0","2667","25",
"25-073-21581-00-00","5/31/2009 12:00:00 AM","Madison","26","48","0","1785","31",
"25-073-21581-00-00","4/30/2009 12:00:00 AM","Madison","26","0","0","0","0",
"25-073-21581-00-00","3/31/2009 12:00:00 AM","Madison","26","0","0","0","0",
"25-073-21581-00-00","2/28/2009 12:00:00 AM","Madison","26","52","0","2015","28",
"25-073-21581-00-00","1/31/2009 12:00:00 AM","Madison","26","65","0","796","31",
"25-073-21581-00-00","12/31/2008 12:00:00 AM","Madison","26","30","0","2100","31",
"25-073-21581-00-00","11/30/2008 12:00:00 AM","Madison","26","31","0","2402","30",
"25-073-21581-00-00","10/31/2008 12:00:00 AM","Madison","26","57","0","2349","31",
"25-073-21581-00-00","9/30/2008 12:00:00 AM","Madison","26","29","0","1409","30",
"25-073-21581-00-00","8/31/2008 12:00:00 AM","Madison","26","15","0","2423","31",
"25-073-21581-00-00","7/31/2008 12:00:00 AM","Madison","26","15","0","595","31",
"25-073-21581-00-00","6/30/2008 12:00:00 AM","Madison","26","55","0","1590","30",
"25-073-21581-00-00","5/31/2008 12:00:00 AM","Madison","26","29","0","2176","31",
"25-073-21581-00-00","4/30/2008 12:00:00 AM","Madison","26","56","0","1819","30",
"25-073-21581-00-00","3/31/2008 12:00:00 AM","Madison","26","27","0","1777","31",
"25-073-21581-00-00","2/29/2008 12:00:00 AM","Madison","26","48","0","1720","29",
"25-073-21581-00-00","1/31/2008 12:00:00 AM","Madison","26","0","0","0","0",
"25-073-21581-00-00","12/31/2007 12:00:00 AM","Madison","26","27","0","1027","31",
"25-073-21581-00-00","11/30/2007 12:00:00 AM","Madison","26","49","0","855","30",
"25-073-21581-00-00","10/31/2007 12:00:00 AM","Madison","26","26","0","856","31",
"25-073-21581-00-00","9/30/2007 12:00:00 AM","Madison","26","28","0","296","19",
"25-073-21581-00-00","8/31/2007 12:00:00 AM","Madison","26","52","0","864","81",
"25-073-21581-00-00","7/31/2007 12:00:00 AM","Madison","26","24","0","770","31",
"25-073-21581-00-00","6/30/2007 12:00:00 AM","Madison","26","56","0","933","30",
"25-073-21581-00-00","5/31/2007 12:00:00 AM","Madison","26","30","0","758","31",
"25-073-21581-00-00","4/30/2007 12:00:00 AM","Madison","26","52","0","859","30",
"25-073-21581-00-00","3/31/2007 12:00:00 AM","Madison","26","29","0","545","31",
"25-073-21581-00-00","2/28/2007 12:00:00 AM","Madison","26","56","0","1930","28",
"25-073-21581-00-00","1/31/2007 12:00:00 AM","Madison","26","61","0","298","31",
"25-073-21581-00-00","12/31/2006 12:00:00 AM","Madison","26","52","0","948","31",
"25-073-21581-00-00","11/30/2006 12:00:00 AM","Madison","26","48","0","944","30",
"25-073-21581-00-00","10/31/2006 12:00:00 AM","Madison","26","48","0","873","31",
"25-073-21581-00-00","9/30/2006 12:00:00 AM","Madison","26","28","0","950","30",
"25-073-21581-00-00","8/31/2006 12:00:00 AM","Madison","26","58","0","1000","31",
"25-073-21581-00-00","7/31/2006 12:00:00 AM","Madison","26","27","0","961","31",
"25-073-21581-00-00","6/30/2006 12:00:00 AM","Madison","26","54","0","1032","30",
"25-073-21581-00-00","5/31/2006 12:00:00 AM","Madison","26","56","0","883","31",
"25-073-21581-00-00","4/30/2006 12:00:00 AM","Madison","26","34","0","602","30",
"25-073-21581-00-00","3/31/2006 12:00:00 AM","Madison","26","28","0","923","31",
"25-073-21581-00-00","2/28/2006 12:00:00 AM","Madison","26","62","0","903","31",
"25-073-21581-00-00","1/31/2006 12:00:00 AM","Madison","26","64","0","651","31",
"25-073-21581-00-00","12/31/2005 12:00:00 AM","Madison","26","78","0","674","30",
"25-073-21581-00-00","11/30/2005 12:00:00 AM","Madison","26","79","0","685","30",
"25-073-21581-00-00","10/31/2005 12:00:00 AM","Madison","26","65","0","571","31",
"25-073-21581-00-00","9/30/2005 12:00:00 AM","Madison","26","31","0","647","30",
"25-073-21581-00-00","8/31/2005 12:00:00 AM","Madison","26","14","0","162","15",
"25-073-21581-00-00","7/31/2005 12:00:00 AM","Madison","26","0","0","0","0",
"25-073-21581-00-00","6/30/2005 12:00:00 AM","Madison","26","0","0","0","0",
"25-073-21581-00-00","5/31/2005 12:00:00 AM","Madison","26","0","0","0","0",
"25-073-21581-00-00","4/30/2005 12:00:00 AM","Madison","26","0","0","0","0",
"25-073-21581-00-00","3/31/2005 12:00:00 AM","Madison","26","65","0","486","31",
"25-073-21581-00-00","2/28/2005 12:00:00 AM","Madison","26","68","0","733","28",
"25-073-21581-00-00","1/31/2005 12:00:00 AM","Madison","26","64","0","1019","31",
"25-073-21581-00-00","12/31/2004 12:00:00 AM","Madison","26","0","0","0","0",
"25-073-21581-00-00","11/30/2004 12:00:00 AM","Madison","26","0","0","0","0",
"25-073-21581-00-00","10/31/2004 12:00:00 AM","Madison","26","0","0","0","0",
"25-073-21581-00-00","9/30/2004 12:00:00 AM","Madison","26","47","0","500","30",
"25-073-21581-00-00","8/31/2004 12:00:00 AM","Madison","26","25","0","960","15",
"25-073-21581-00-00","7/31/2004 12:00:00 AM","Madison","26","33","0","255","21",
"25-073-21581-00-00","6/30/2004 12:00:00 AM","Madison","26","51","0","880","30",
"25-073-21581-00-00","5/31/2004 12:00:00 AM","Madison","26","29","0","1034","31",
"25-073-21581-00-00","4/30/2004 12:00:00 AM","Madison","26","27","0","400","15",
"25-073-21581-00-00","3/31/2004 12:00:00 AM","Madison","26","27","0","731","31",
"25-073-21581-00-00","2/29/2004 12:00:00 AM","Madison","26","29","0","748","29",
"25-073-21581-00-00","1/31/2004 12:00:00 AM","Madison","26","67","0","2156","31",
"25-073-21581-00-00","12/31/2003 12:00:00 AM","Madison","26","68","0","1833","31",
"25-073-21581-00-00","11/30/2003 12:00:00 AM","Madison","26","34","0","1500","30",
"25-073-21581-00-00","10/31/2003 12:00:00 AM","Madison","26","32","0","1798","31",
"25-073-21581-00-00","9/30/2003 12:00:00 AM","Madison","26","13","0","458","10",
"25-073-21581-00-00","8/31/2003 12:00:00 AM","Madison","26","27","0","1109","31",
"25-073-21581-00-00","7/31/2003 12:00:00 AM","Madison","26","30","0","1285","31",
"25-073-21581-00-00","6/30/2003 12:00:00 AM","Madison","26","27","0","1857","30",
"25-073-21581-00-00","5/31/2003 12:00:00 AM","Madison","26","51","0","2027","31",
"25-073-21581-00-00","4/30/2003 12:00:00 AM","Madison","26","26","0","961","15",
"25-073-21581-00-00","3/31/2003 12:00:00 AM","Madison","26","55","0","1885","31",
"25-073-21581-00-00","2/28/2003 12:00:00 AM","Madison","26","15","0","860","15",
"25-073-21581-00-00","1/31/2003 12:00:00 AM","Madison","26","60","0","124","31",
"25-073-21581-00-00","12/31/2002 12:00:00 AM","Madison","26","29","0","124","31",
"25-073-21581-00-00","11/30/2002 12:00:00 AM","Madison","26","30","0","0","10",
"25-073-21581-00-00","10/31/2002 12:00:00 AM","Madison","26","29","0","410","31",
"25-073-21581-00-00","9/30/2002 12:00:00 AM","Madison","26","28","0","1851","30",
"25-073-21581-00-00","8/31/2002 12:00:00 AM","Madison","26","55","0","6249","31",
"25-073-21581-00-00","7/31/2002 12:00:00 AM","Madison","26","31","0","961","31",
"25-073-21581-00-00","6/30/2002 12:00:00 AM","Madison","26","21","0","817","30",
"25-073-21581-00-00","5/31/2002 12:00:00 AM","Madison","26","73","0","1011","31",
"25-073-21581-00-00","4/30/2002 12:00:00 AM","Madison","26","10","0","782","5",
"25-073-21581-00-00","3/31/2002 12:00:00 AM","Madison","26","0","0","0","0",
"25-073-21581-00-00","2/28/2002 12:00:00 AM","Madison","26","32","0","1213","28",
"25-073-21581-00-00","1/31/2002 12:00:00 AM","Madison","26","113","0","10430","31",
"25-073-21581-00-00","12/31/2001 12:00:00 AM","Madison","26","26","0","0","31",
"25-073-21581-00-00","11/30/2001 12:00:00 AM","Madison","26","30","0","9838","17",
"25-073-21581-00-00","10/31/2001 12:00:00 AM","Madison","26","58","0","2796","31",
"25-073-21581-00-00","9/30/2001 12:00:00 AM","Madison","26","33","0","1208","30",
"25-073-21581-00-00","8/31/2001 12:00:00 AM","Madison","26","68","0","2093","31",
"25-073-21581-00-00","7/31/2001 12:00:00 AM","Madison","26","50","0","1668","31",
"25-073-21581-00-00","6/30/2001 12:00:00 AM","Madison","26","47","0","1640","30",
"25-073-21581-00-00","5/31/2001 12:00:00 AM","Madison","26","53","0","6417","31",
"25-073-21581-00-00","4/30/2001 12:00:00 AM","Madison","26","51","0","1006","30",
"25-073-21581-00-00","3/31/2001 12:00:00 AM","Madison","26","68","0","1238","31",
"25-073-21581-00-00","2/28/2001 12:00:00 AM","Madison","26","22","0","822","28",
"25-073-21581-00-00","1/31/2001 12:00:00 AM","Madison","26","45","0","1216","22",
"25-073-21581-00-00","12/31/2000 12:00:00 AM","Madison","26","68","0","1558","31",
"25-073-21581-00-00","11/30/2000 12:00:00 AM","Madison","26","46","0","2000","30",
"25-073-21581-00-00","10/31/2000 12:00:00 AM","Madison","26","45","0","1978","31",
"25-073-21581-00-00","9/30/2000 12:00:00 AM","Madison","26","68","0","3247","30",
"25-073-21581-00-00","8/31/2000 12:00:00 AM","Madison","26","50","0","1483","15",
"25-073-21581-00-00","7/31/2000 12:00:00 AM","Madison","26","32","0","1165","24",
"25-073-21581-00-00","6/30/2000 12:00:00 AM","Madison","26","36","0","3435","30",
"25-073-21581-00-00","5/31/2000 12:00:00 AM","Madison","26","57","0","2871","31",
"25-073-21581-00-00","4/30/2000 12:00:00 AM","Madison","26","57","0","2274","30",
"25-073-21581-00-00","3/31/2000 12:00:00 AM","Madison","26","37","0","2450","31",
"25-073-21581-00-00","2/29/2000 12:00:00 AM","Madison","26","47","0","5624","29",
"25-073-21581-00-00","1/31/2000 12:00:00 AM","Madison","26","68","0","3374","31",
"25-073-21581-00-00","12/31/1999 12:00:00 AM","Madison","26","49","0","1657","31",
"25-073-21581-00-00","11/30/1999 12:00:00 AM","Madison","26","77","0","1489","30",
"25-073-21581-00-00","10/31/1999 12:00:00 AM","Madison","26","50","0","1080","31",
"25-073-21581-00-00","9/30/1999 12:00:00 AM","Madison","26","55","0","656","30",
"25-073-21581-00-00","8/31/1999 12:00:00 AM","Madison","26","38","0","1214","19",
"25-073-21581-00-00","7/31/1999 12:00:00 AM","Madison","26","0","0","0","0",
"25-073-21581-00-00","6/30/1999 12:00:00 AM","Madison","26","0","0","0","0",
"25-073-21581-00-00","5/31/1999 12:00:00 AM","Madison","26","0","0","0","0",
"25-073-21581-00-00","4/30/1999 12:00:00 AM","Madison","26","0","0","0","0",
"25-073-21581-00-00","3/31/1999 12:00:00 AM","Madison","26","0","0","0","0",
"25-073-21581-00-00","2/28/1999 12:00:00 AM","Madison","26","0","0","0","0",
"25-073-21581-00-00","1/31/1999 12:00:00 AM","Madison","26","0","0","0","0",
"25-073-21581-00-00","12/31/1998 12:00:00 AM","Madison","26","0","0","0","0",
"25-073-21581-00-00","11/30/1998 12:00:00 AM","Madison","26","45","0","287","14",
"25-073-21581-00-00","10/31/1998 12:00:00 AM","Madison","26","48","0","2750","31",
"25-073-21581-00-00","9/30/1998 12:00:00 AM","Madison","26","75","0","3383","30",
"25-073-21581-00-00","8/31/1998 12:00:00 AM","Madison","26","55","0","1131","31",
"25-073-21581-00-00","7/31/1998 12:00:00 AM","Madison","26","57","0","1719","31",
"25-073-21581-00-00","6/30/1998 12:00:00 AM","Madison","26","45","0","2857","30",
"25-073-21581-00-00","5/31/1998 12:00:00 AM","Madison","26","68","0","3450","0",
"25-073-21581-00-00","4/30/1998 12:00:00 AM","Madison","26","43","0","4177","30",
"25-073-21581-00-00","3/31/1998 12:00:00 AM","Madison","26","59","0","4316","31",
"25-073-21581-00-00","2/28/1998 12:00:00 AM","Madison","26","58","0","3898","28",
"25-073-21581-00-00","1/31/1998 12:00:00 AM","Madison","26","52","0","4316","31",
"25-073-21581-00-00","12/31/1997 12:00:00 AM","Madison","26","51","0","4316","31",
"25-073-21581-00-00","11/30/1997 12:00:00 AM","Madison","26","101","0","4177","30",
"25-073-21581-00-00","10/31/1997 12:00:00 AM","Madison","26","45","0","4316","31",
"25-073-21581-00-00","9/30/1997 12:00:00 AM","Madison","26","51","0","4177","30",
"25-073-21581-00-00","8/31/1997 12:00:00 AM","Madison","26","51","0","4316","31",
"25-073-21581-00-00","7/31/1997 12:00:00 AM","Madison","26","68","0","4316","31",
"25-073-21581-00-00","6/30/1997 12:00:00 AM","Madison","26","75","0","4177","30",
"25-073-21581-00-00","5/31/1997 12:00:00 AM","Madison","26","50","0","4316","31",
"25-073-21581-00-00","4/30/1997 12:00:00 AM","Madison","26","26","0","4699","30",
"25-073-21581-00-00","3/31/1997 12:00:00 AM","Madison","26","51","0","4855","31",
"25-073-21581-00-00","2/28/1997 12:00:00 AM","Madison","26","59","0","3898","28",
"25-073-21581-00-00","1/31/1997 12:00:00 AM","Madison","26","86","0","5549","31",
"25-073-21581-00-00","12/31/1996 12:00:00 AM","Madison","26","50","0","4856","31",
"25-073-21581-00-00","11/30/1996 12:00:00 AM","Madison","26","26","0","4699","30",
"25-073-21581-00-00","10/31/1996 12:00:00 AM","Madison","26","45","0","4316","31",
"25-073-21581-00-00","9/30/1996 12:00:00 AM","Madison","26","68","0","6265","30",
"25-073-21581-00-00","8/31/1996 12:00:00 AM","Madison","26","32","0","6474","31",
"25-073-21581-00-00","7/31/1996 12:00:00 AM","Madison","26","67","0","6474","31",
"25-073-21581-00-00","6/30/1996 12:00:00 AM","Madison","26","81","0","5035","30",
"25-073-21581-00-00","5/31/1996 12:00:00 AM","Madison","26","58","0","4316","31",
"25-073-21581-00-00","4/30/1996 12:00:00 AM","Madison","26","57","0","4177","30",
"25-073-21581-00-00","3/31/1996 12:00:00 AM","Madison","26","59","0","4316","31",
"25-073-21581-00-00","2/29/1996 12:00:00 AM","Madison","26","90","0","4038","29",
"25-073-21581-00-00","1/31/1996 12:00:00 AM","Madison","26","0","0","0","0",
"25-073-21581-00-00","12/31/1995 12:00:00 AM","Madison","26","0","0","0","0",
"25-073-21581-00-00","11/30/1995 12:00:00 AM","Madison","26","88","0","4177","30",
"25-073-21581-00-00","10/31/1995 12:00:00 AM","Madison","26","59","0","4316","31",
"25-073-21581-00-00","9/30/1995 12:00:00 AM","Madison","26","58","0","4177","30",
"25-073-21581-00-00","8/31/1995 12:00:00 AM","Madison","26","87","0","4316","31",
"25-073-21581-00-00","7/31/1995 12:00:00 AM","Madison","26","32","0","4316","31",
"25-073-21581-00-00","6/30/1995 12:00:00 AM","Madison","26","68","0","4176","30",
"25-073-21581-00-00","5/31/1995 12:00:00 AM","Madison","26","90","0","4316","31",
"25-073-21581-00-00","4/30/1995 12:00:00 AM","Madison","26","59","0","4176","30",
"25-073-21581-00-00","3/31/1995 12:00:00 AM","Madison","26","79","0","4316","31",
"25-073-21581-00-00","2/28/1995 12:00:00 AM","Madison","26","48","0","3898","28",
"25-073-21581-00-00","1/31/1995 12:00:00 AM","Madison","26","68","0","4316","31",
"25-073-21581-00-00","12/31/1994 12:00:00 AM","Madison","26","66","0","4316","31",
"25-073-21581-00-00","11/30/1994 12:00:00 AM","Madison","26","73","0","4176","30",
"25-073-21581-00-00","10/31/1994 12:00:00 AM","Madison","26","68","0","4316","31",
"25-073-21581-00-00","9/30/1994 12:00:00 AM","Madison","26","69","0","4176","30",
"25-073-21581-00-00","8/31/1994 12:00:00 AM","Madison","26","67","0","4316","31",
"25-073-21581-00-00","7/31/1994 12:00:00 AM","Madison","26","70","0","4316","31",
"25-073-21581-00-00","6/30/1994 12:00:00 AM","Madison","26","67","0","4176","30",
"25-073-21581-00-00","5/31/1994 12:00:00 AM","Madison","26","69","0","4316","31",
"25-073-21581-00-00","4/30/1994 12:00:00 AM","Madison","26","46","0","4177","30",
"25-073-21581-00-00","3/31/1994 12:00:00 AM","Madison","26","89","0","4316","31",
"25-073-21581-00-00","2/28/1994 12:00:00 AM","Madison","26","68","0","3898","28",
"25-073-21581-00-00","1/31/1994 12:00:00 AM","Madison","26","68","0","4316","31",
"25-073-21581-00-00","12/31/1993 12:00:00 AM","Madison","26","67","0","4316","31",
"25-073-21581-00-00","11/30/1993 12:00:00 AM","Madison","26","89","0","4177","0",
"25-073-21581-00-00","10/31/1993 12:00:00 AM","Madison","26","66","0","4316","0",
"25-073-21581-00-00","9/30/1993 12:00:00 AM","Madison","26","65","0","4177","30",
"25-073-21581-00-00","8/31/1993 12:00:00 AM","Madison","26","55","0","2645","19",
"25-073-21581-00-00","7/31/1993 12:00:00 AM","Madison","26","66","0","4316","31",
"25-073-21581-00-00","6/30/1993 12:00:00 AM","Madison","26","65","0","4177","30",
"25-073-21581-00-00","5/31/1993 12:00:00 AM","Madison","26","44","0","4316","0",
"25-073-21581-00-00","4/30/1993 12:00:00 AM","Madison","26","0","0","0","0",
"25-073-21581-00-00","3/31/1993 12:00:00 AM","Madison","26","66","0","4316","31",
"25-073-21581-00-00","2/28/1993 12:00:00 AM","Madison","26","64","0","3898","28",
"25-073-21581-00-00","1/31/1993 12:00:00 AM","Madison","26","63","0","4316","31",
"25-073-21581-00-00","12/31/1992 12:00:00 AM","Madison","26","90","0","4316","31",
"25-073-21581-00-00","11/30/1992 12:00:00 AM","Madison","26","68","0","4176","30",
"25-073-21581-00-00","10/31/1992 12:00:00 AM","Madison","26","89","0","4316","0",
"25-073-21581-00-00","9/30/1992 12:00:00 AM","Madison","26","67","0","4168","30",
"25-073-21581-00-00","8/31/1992 12:00:00 AM","Madison","26","87","0","4316","31",
"25-073-21581-00-00","7/31/1992 12:00:00 AM","Madison","26","65","0","4316","31",
"25-073-21581-00-00","6/30/1992 12:00:00 AM","Madison","26","66","0","4176","30",
"25-073-21581-00-00","5/31/1992 12:00:00 AM","Madison","26","86","0","4316","31",
"25-073-21581-00-00","4/30/1992 12:00:00 AM","Madison","26","64","0","4176","30",
"25-073-21581-00-00","3/31/1992 12:00:00 AM","Madison","26","94","0","4316","31",
"25-073-21581-00-00","2/29/1992 12:00:00 AM","Madison","26","69","0","4037","29",
"25-073-21581-00-00","1/31/1992 12:00:00 AM","Madison","26","93","0","4316","31",
"25-073-21581-00-00","12/31/1991 12:00:00 AM","Madison","26","65","0","4316","31",
"25-073-21581-00-00","11/30/1991 12:00:00 AM","Madison","26","89","0","4177","30",
"25-073-21581-00-00","10/31/1991 12:00:00 AM","Madison","26","87","0","4316","31",
"25-073-21581-00-00","9/30/1991 12:00:00 AM","Madison","26","44","0","2924","21",
"25-073-21581-00-00","8/31/1991 12:00:00 AM","Madison","26","84","0","4316","31",
"25-073-21581-00-00","7/31/1991 12:00:00 AM","Madison","26","86","0","4316","0",
"25-073-21581-00-00","6/30/1991 12:00:00 AM","Madison","26","85","0","4177","30",
"25-073-21581-00-00","5/31/1991 12:00:00 AM","Madison","26","88","0","4316","31",
"25-073-21581-00-00","4/30/1991 12:00:00 AM","Madison","26","85","0","4177","30",
"25-073-21581-00-00","3/31/1991 12:00:00 AM","Madison","26","86","0","4316","31",
"25-073-21581-00-00","2/28/1991 12:00:00 AM","Madison","26","87","0","3898","28",
"25-073-21581-00-00","1/31/1991 12:00:00 AM","Madison","26","60","0","2645","19",
"25-073-21581-00-00","12/31/1990 12:00:00 AM","Madison","26","41","0","2506","18",
"25-073-21581-00-00","11/30/1990 12:00:00 AM","Madison","26","65","0","4177","30",
"25-073-21581-00-00","10/31/1990 12:00:00 AM","Madison","26","86","0","4316","31",
"25-073-21581-00-00","9/30/1990 12:00:00 AM","Madison","26","90","0","4176","30",
"25-073-21581-00-00","8/31/1990 12:00:00 AM","Madison","26","88","0","4316","31",
"25-073-21581-00-00","7/31/1990 12:00:00 AM","Madison","26","88","0","4316","31",
"25-073-21581-00-00","6/30/1990 12:00:00 AM","Madison","26","66","0","4176","30",
"25-073-21581-00-00","5/31/1990 12:00:00 AM","Madison","26","106","0","4316","31",
"25-073-21581-00-00","4/30/1990 12:00:00 AM","Madison","26","65","0","4176","30",
"25-073-21581-00-00","3/31/1990 12:00:00 AM","Madison","26","82","0","4316","31",
"25-073-21581-00-00","2/28/1990 12:00:00 AM","Madison","26","87","0","3898","28",
"25-073-21581-00-00","1/31/1990 12:00:00 AM","Madison","26","86","0","4316","31",
"25-073-21581-00-00","12/31/1989 12:00:00 AM","Madison","26","91","0","4316","31",
"25-073-21581-00-00","11/30/1989 12:00:00 AM","Madison","26","95","0","4177","30",
"25-073-21581-00-00","10/31/1989 12:00:00 AM","Madison","26","108","0","4316","31",
"25-073-21581-00-00","9/30/1989 12:00:00 AM","Madison","26","107","0","4177","30",
"25-073-21581-00-00","8/31/1989 12:00:00 AM","Madison","26","128","0","4316","31",
"25-073-21581-00-00","7/31/1989 12:00:00 AM","Madison","26","91","0","4316","31",
"25-073-21581-00-00","6/30/1989 12:00:00 AM","Madison","26","85","0","4176","30",
"25-073-21581-00-00","5/31/1989 12:00:00 AM","Madison","26","88","0","4316","31",
"25-073-21581-00-00","4/30/1989 12:00:00 AM","Madison","26","91","0","4177","30",
"25-073-21581-00-00","3/31/1989 12:00:00 AM","Madison","26","109","0","4316","31",
"25-073-21581-00-00","2/28/1989 12:00:00 AM","Madison","26","64","0","2645","19",
"25-073-21581-00-00","1/31/1989 12:00:00 AM","Madison","26","104","0","4316","31",
"25-073-21581-00-00","12/31/1988 12:00:00 AM","Madison","26","99","0","4100","29",
"25-073-21581-00-00","11/30/1988 12:00:00 AM","Madison","26","100","0","4177","30",
"25-073-21581-00-00","10/31/1988 12:00:00 AM","Madison","26","95","0","4316","31",
"25-073-21581-00-00","7/31/1988 12:00:00 AM","Madison","26","100","0","4316","31",
"25-073-21581-00-00","6/30/1988 12:00:00 AM","Madison","26","103","0","4177","30",
"25-073-21581-00-00","5/31/1988 12:00:00 AM","Madison","26","117","0","4316","31",
"25-073-21581-00-00","3/31/1988 12:00:00 AM","Madison","26","128","0","4316","31",
"25-073-21581-00-00","2/29/1988 12:00:00 AM","Madison","26","130","0","4037","29",
"25-073-21581-00-00","1/31/1988 12:00:00 AM","Madison","26","105","0","4316","31",
"25-073-21581-00-00","12/31/1987 12:00:00 AM","Madison","26","90","0","4315","24",
"25-073-21581-00-00","11/30/1987 12:00:00 AM","Madison","26","138","0","4177","30",
"25-073-21581-00-00","10/31/1987 12:00:00 AM","Madison","26","123","0","4316","31",
"25-073-21581-00-00","9/30/1987 12:00:00 AM","Madison","26","132","0","4177","30",
"25-073-21581-00-00","8/31/1987 12:00:00 AM","Madison","26","133","0","4316","31",
"25-073-21581-00-00","7/31/1987 12:00:00 AM","Madison","26","109","0","4316","31",
"25-073-21581-00-00","6/30/1987 12:00:00 AM","Madison","26","134","0","4177","30",
"25-073-21581-00-00","5/31/1987 12:00:00 AM","Madison","26","129","0","4316","31",
"25-073-21581-00-00","4/30/1987 12:00:00 AM","Madison","26","85","0","4177","30",
"25-073-21581-00-00","3/31/1987 12:00:00 AM","Madison","26","107","0","4316","31",
"25-073-21581-00-00","2/28/1987 12:00:00 AM","Madison","26","124","0","3898","28",
"25-073-21581-00-00","1/31/1987 12:00:00 AM","Madison","26","117","0","4316","31",
"25-073-21581-00-00","12/31/1986 12:00:00 AM","Madison","26","97","0","4316","31",
"25-073-21581-00-00","11/30/1986 12:00:00 AM","Madison","26","137","0","4177","30",
"25-073-21581-00-00","10/31/1986 12:00:00 AM","Madison","26","154","0","4316","31",
"25-073-21581-00-00","9/30/1986 12:00:00 AM","Madison","26","155","0","4177","30",
"25-073-21581-00-00","8/31/1986 12:00:00 AM","Madison","26","134","0","4316","31",
"25-073-21581-00-00","7/31/1986 12:00:00 AM","Madison","26","171","0","4316","31",
"25-073-21581-00-00","6/30/1986 12:00:00 AM","Madison","26","119","0","4177","30",
"25-073-21581-00-00","5/31/1986 12:00:00 AM","Madison","26","123","0","4316","31",
"25-073-21581-00-00","4/30/1986 12:00:00 AM","Madison","26","138","0","4177","30",
"25-073-21581-00-00","3/31/1986 12:00:00 AM","Madison","26","137","0","4315","31",
"25-073-21581-00-00","2/28/1986 12:00:00 AM","Madison","26","115","0","3898","28",
"25-073-21581-00-00","1/31/1986 12:00:00 AM","Madison","26","153","0","4315","31",

